0.02 100 -50
0.04 100 -50
0.06 100 -50
0.08 100 -50
0.1 100 -50
0.12 100 -50
0.14 100 -50
0.16 100 -50
0.18 100 -50
0.2 100 -50
0.22 100 -50
0.24 100 -50
0.26 100 -50
0.28 100 -50
0.3 100 -50
0.32 100 -50
0.34 100 -50
0.36 100 -50
0.38 100 -50
0.4 100 -50
0.42 100 -50
0.44 100 -50
0.46 100 -50
0.48 100 -50
0.5 100 -50
0.52 100 -50
0.54 100 -50
0.56 100 -50
0.58 100 -50
0.6 100 -50
0.62 100 -50
0.64 100 -50
0.66 100 -50
0.68 100 -50
0.7 100 -50
0.72 100 -50
0.74 100 -50
0.76 100 -50
0.78 100 -50
0.8 100 -50
0.82 100 -50
0.84 100 -50
0.86 100 -50
0.88 100 -50
0.9 100 -50
0.92 100 -50
0.94 100 -50
0.96 100 -50
0.98 100 -50
1 100 -50
1.02 100 -50
1.04 100 -50
1.06 100 -50
1.08 100 -50
1.1 100 -50
1.12 100 -50
1.14 100 -50
1.16 100 -50
1.18 100 -50
1.2 100 -50
1.22 100 -50
1.24 100 -50
1.26 100 -50
1.28 100 -50
1.3 100 -50
1.32 100 -50
1.34 100 -50
1.36 100 -50
1.38 100 -50
1.4 100 -50
1.42 100 -50
1.44 100 -50
1.46 100 -50
1.48 100 -50
1.5 100 -50
1.52 100 -50
1.54 100 -50
1.56 100 -50
1.58 100 -50
1.6 100 -50
1.62 100 -50
1.64 100 -50
1.66 100 -50
1.68 100 -50
1.7 100 -50
1.72 100 -50
1.74 100 -50
1.76 100 -50
1.78 100 -50
1.8 100 -50
1.82 100 -50
1.84 100 -50
1.86 100 -50
1.88 100 -50
1.9 100 -50
1.92 100 -50
1.94 100 -50
1.96 100 -50
1.98 100 -50
2 100 -50
2.02 100 -50
2.04 100 -50
2.06 100 -50
2.08 100 -50
2.1 100 -50
2.12 100 -50
2.14 100 -50
2.16 100 -50
2.18 100 -50
2.2 100 -50
2.22 100 -50
2.24 100 -50
2.26 100 -50
2.28 100 -50
2.3 100 -50
2.32 100 -50
2.34 100 -50
2.36 100 -50
2.38 100 -50
2.4 100 -50
2.42 100 -50
2.44 100 -50
2.46 100 -50
2.48 100 -50
2.5 100 -50
2.52 100 -50
2.54 100 -50
2.56 100 -50
2.58 100 -50
2.6 100 -50
2.62 100 -50
2.64 100 -50
2.66 100 -50
2.68 100 -50
2.7 100 -50
2.72 100 -50
2.74 100 -50
2.76 100 -50
2.78 100 -50
2.8 100 -50
2.82 100 -50
2.84 100 -50
2.86 100 -50
2.88 100 -50
2.9 100 -50
2.92 100 -50
2.94 100 -50
2.96 100 -50
2.98 100 -50
3 100 -50
3.02 100 -50
3.04 100 -50
3.06 100 -50
3.08 100 -50
3.1 100 -50
3.12 100 -50
3.14 100 -50
3.16 100 -50
3.18 100 -50
3.2 100 -50
3.22 100 -50
3.24 100 -50
3.26 100 -50
3.28 100 -50
3.3 100 -50
3.32 100 -50
3.34 100 -50
3.36 100 -50
3.38 100 -50
3.4 100 -50
3.42 100 -50
3.44 100 -50
3.46 100 -50
3.48 100 -50
3.5 100 -50
3.52 100 -50
3.54 100 -50
3.56 100 -50
3.58 100 -50
3.6 100 -50
3.62 100 -50
3.64 100 -50
3.66 100 -50
3.68 100 -50
3.7 100 -50
3.72 100 -50
3.74 100 -50
3.76 100 -50
3.78 100 -50
3.8 100 -50
3.82 100 -50
3.84 100 -50
3.86 100 -50
3.88 100 -50
3.9 100 -50
3.92 100 -50
3.94 100 -50
3.96 100 -50
3.98 100 -50
4 100 -50
4.02 100 -50
4.04 100 -50
4.06 100 -50
4.08 100 -50
4.1 100 -50
4.12 100 -50
4.14 100 -50
4.16 100 -50
4.18 100 -50
4.2 100 -50
4.22 100 -50
4.24 100 -50
4.26 100 -50
4.28 100 -50
4.3 100 -50
4.32 100 -50
4.34 100 -50
4.36 100 -50
4.38 100 -50
4.4 100 -50
4.42 100 -50
4.44 100 -50
4.46 100 -50
4.48 100 -50
4.5 100 -50
4.52 100 -50
4.54 100 -50
4.56 100 -50
4.58 100 -50
4.6 100 -50
4.62 100 -50
4.64 100 -50
4.66 100 -50
4.68 100 -50
4.7 100 -50
4.72 100 -50
4.74 100 -50
4.76 100 -50
4.78 100 -50
4.8 100 -50
4.82 100 -50
4.84 100 -50
4.86 100 -50
4.88 100 -50
4.9 100 -50
4.92 100 -50
4.94 100 -50
4.96 100 -50
4.98 100 -50
5 100 -50
5.02 100 -50
5.04 100 -50
5.06 100 -50
5.08 100 -50
5.1 100 -50
5.12 100 -50
5.14 100 -50
5.16 100 -50
5.18 100 -50
5.2 100 -50
5.22 100 -50
5.24 100 -50
5.26 100 -50
5.28 100 -50
5.3 100 -50
5.32 100 -50
5.34 100 -50
5.36 100 -50
5.38 100 -50
5.4 100 -50
5.42 100 -50
5.44 100 -50
5.46 100 -50
5.48 100 -50
5.5 100 -50
5.52 100 -50
5.54 100 -50
5.56 100 -50
5.58 100 -50
5.6 100 -50
5.62 100 -50
5.64 100 -50
5.66 100 -50
5.68 100 -50
5.7 100 -50
5.72 100 -50
5.74 100 -50
5.76 100 -50
5.78 100 -50
5.8 100 -50
5.82 100 -50
5.84 100 -50
5.86 100 -50
5.88 100 -50
5.9 100 -50
5.92 100 -50
5.94 100 -50
5.96 100 -50
5.98 100 -50
6 100 -50
6.02 100 -50
6.04 100 -50
6.06 100 -50
6.08 100 -50
6.1 100 -50
6.12 100 -50
6.14 100 -50
6.16 100 -50
6.18 100 -50
6.2 100 -50
6.22 100 -50
6.24 100 -50
6.26 100 -50
6.28 100 -50
6.3 100 -50
6.32 100 -50
6.34 100 -50
6.36 100 -50
6.38 100 -50
6.4 100 -50
6.42 100 -50
6.44 100 -50
6.46 100 -50
6.48 100 -50
6.5 100 -50
6.52 100 -50
6.54 100 -50
6.56 100 -50
6.58 100 -50
6.6 100 -50
6.62 100 -50
6.64 100 -50
6.66 100 -50
6.68 100 -50
6.7 100 -50
6.72 100 -50
6.74 100 -50
6.76 100 -50
6.78 100 -50
6.8 100 -50
6.82 100 -50
6.84 100 -50
6.86 100 -50
6.88 100 -50
6.9 100 -50
6.92 100 -50
6.94 100 -50
6.96 100 -50
6.98 100 -50
7 100 -50
7.02 100 -50
7.04 100 -50
7.06 100 -50
7.08 100 -50
7.1 100 -50
7.12 100 -50
7.14 100 -50
7.16 100 -50
7.18 100 -50
7.2 100 -50
7.22 100 -50
7.24 100 -50
7.26 100 -50
7.28 100 -50
7.3 100 -50
7.32 100 -50
7.34 100 -50
7.36 100 -50
7.38 100 -50
7.4 100 -50
7.42 100 -50
7.44 100 -50
7.46 100 -50
7.48 100 -50
7.5 100 -50
7.52 100 -50
7.54 100 -50
7.56 100 -50
7.58 100 -50
7.6 100 -50
7.62 100 -50
7.64 100 -50
7.66 100 -50
7.68 100 -50
7.7 100 -50
7.72 100 -50
7.74 100 -50
7.76 100 -50
7.78 100 -50
7.8 100 -50
7.82 100 -50
7.84 100 -50
7.86 100 -50
7.88 100 -50
7.9 100 -50
7.92 100 -50
7.94 100 -50
7.96 100 -50
7.98 100 -50
8 100 -50
8.02 100 -50
8.04 100 -50
8.06 100 -50
8.08 100 -50
8.1 100 -50
8.12 100 -50
8.14 100 -50
8.16 100 -50
8.18 100 -50
8.2 100 -50
8.22 100 -50
8.24 100 -50
8.26 100 -50
8.28 100 -50
8.3 100 -50
8.32 100 -50
8.34 100 -50
8.36 100 -50
8.38 100 -50
8.4 100 -50
8.42 100 -50
8.44 100 -50
8.46 100 -50
8.48 100 -50
8.5 100 -50
8.52 100 -50
8.54 100 -50
8.56 100 -50
8.58 100 -50
8.6 100 -50
8.62 100 -50
8.64 100 -50
8.66 100 -50
8.68 100 -50
8.7 100 -50
8.72 100 -50
8.74 100 -50
8.76 100 -50
8.78 100 -50
8.8 100 -50
8.82 100 -50
8.84 100 -50
8.86 100 -50
8.88 100 -50
8.9 100 -50
8.92 100 -50
8.94 100 -50
8.96 100 -50
8.98 100 -50
9 100 -50
9.02 100 -50
9.04 100 -50
9.06 100 -50
9.08 100 -50
9.1 100 -50
9.12 100 -50
9.14 100 -50
9.16 100 -50
9.18 100 -50
9.2 100 -50
9.22 100 -50
9.24 100 -50
9.26 100 -50
9.28 100 -50
9.3 100 -50
9.32 100 -50
9.34 100 -50
9.36 100 -50
9.38 100 -50
9.4 100 -50
9.42 100 -50
9.44 100 -50
9.46 100 -50
9.48 100 -50
9.5 100 -50
9.52 100 -50
9.54 100 -50
9.56 100 -50
9.58 100 -50
9.6 100 -50
9.62 100 -50
9.64 100 -50
9.66 100 -50
9.68 100 -50
9.7 100 -50
9.72 100 -50
9.74 100 -50
9.76 100 -50
9.78 100 -50
9.8 100 -50
9.82 100 -50
9.84 100 -50
9.86 100 -50
9.88 100 -50
9.9 100 -50
9.92 100 -50
9.94 100 -50
9.96 100 -50
9.98 100 -50
10 100 -50
10.02 100 -50
10.04 100 -50
10.06 100 -50
10.08 100 -50
10.1 100 -50
10.12 100 -50
10.14 100 -50
10.16 100 -50
10.18 100 -50
10.2 100 -50
10.22 100 -50
10.24 100 -50
10.26 100 -50
10.28 100 -50
10.3 100 -50
10.32 100 -50
10.34 100 -50
10.36 100 -50
10.38 100 -50
10.4 100 -50
10.42 100 -50
10.44 100 -50
10.46 100 -50
10.48 100 -50
10.5 100 -50
10.52 100 -50
10.54 100 -50
10.56 100 -50
10.58 100 -50
10.6 100 -50
10.62 100 -50
10.64 100 -50
10.66 100 -50
10.68 100 -50
10.7 100 -50
10.72 100 -50
10.74 100 -50
10.76 100 -50
10.78 100 -50
10.8 100 -50
10.82 100 -50
10.84 100 -50
10.86 100 -50
10.88 100 -50
10.9 100 -50
10.92 100 -50
10.94 100 -50
10.96 100 -50
10.98 100 -50
11 100 -50
11.02 100 -50
11.04 100 -50
11.06 100 -50
11.08 100 -50
11.1 100 -50
11.12 100 -50
11.14 100 -50
11.16 100 -50
11.18 100 -50
11.2 100 -50
11.22 100 -50
11.24 100 -50
11.26 100 -50
11.28 100 -50
11.3 100 -50
11.32 100 -50
11.34 100 -50
11.36 100 -50
11.38 100 -50
11.4 100 -50
11.42 100 -50
11.44 100 -50
11.46 100 -50
11.48 100 -50
11.5 100 -50
11.52 100 -50
11.54 100 -50
11.56 100 -50
11.58 100 -50
11.6 100 -50
11.62 100 -50
11.64 100 -50
11.66 100 -50
11.68 100 -50
11.7 100 -50
11.72 100 -50
11.74 100 -50
11.76 100 -50
11.78 100 -50
11.8 100 -50
11.82 100 -50
11.84 100 -50
11.86 100 -50
11.88 100 -50
11.9 100 -50
11.92 100 -50
11.94 100 -50
11.96 100 -50
11.98 100 -50
12 100 -50
12.02 100 -50
12.04 100 -50
12.06 100 -50
12.08 100 -50
12.1 100 -50
12.12 100 -50
12.14 100 -50
12.16 100 -50
12.18 100 -50
12.2 100 -50
12.22 100 -50
12.24 100 -50
12.26 100 -50
12.28 100 -50
12.3 100 -50
12.32 100 -50
12.34 100 -50
12.36 100 -50
12.38 100 -50
12.4 100 -50
12.42 100 -50
12.44 100 -50
12.46 100 -50
12.48 100 -50
12.5 100 -50
12.52 100 -50
12.54 100 -50
12.56 100 -50
12.58 100 -50
12.6 100 -50
12.62 100 -50
12.64 100 -50
12.66 100 -50
12.68 100 -50
12.7 100 -50
12.72 100 -50
12.74 100 -50
12.76 100 -50
12.78 100 -50
12.8 100 -50
12.82 100 -50
12.84 100 -50
12.86 100 -50
12.88 100 -50
12.9 100 -50
12.92 100 -50
12.94 100 -50
12.96 100 -50
12.98 100 -50
13 100 -50
13.02 100 -50
13.04 100 -50
13.06 100 -50
13.08 100 -50
13.1 100 -50
13.12 100 -50
13.14 100 -50
13.16 100 -50
13.18 100 -50
13.2 100 -50
13.22 100 -50
13.24 100 -50
13.26 100 -50
13.28 100 -50
13.3 100 -50
13.32 100 -50
13.34 100 -50
13.36 100 -50
13.38 100 -50
13.4 100 -50
13.42 100 -50
13.44 100 -50
13.46 100 -50
13.48 100 -50
13.5 100 -50
13.52 100 -50
13.54 100 -50
13.56 100 -50
13.58 100 -50
13.6 100 -50
13.62 100 -50
13.64 100 -50
13.66 100 -50
13.68 100 -50
13.7 100 -50
13.72 100 -50
13.74 100 -50
13.76 100 -50
13.78 100 -50
13.8 100 -50
13.82 100 -50
13.84 100 -50
13.86 100 -50
13.88 100 -50
13.9 100 -50
13.92 100 -50
13.94 100 -50
13.96 100 -50
13.98 100 -50
14 100 -50
14.02 100 -50
14.04 100 -50
14.06 100 -50
14.08 100 -50
14.1 100 -50
14.12 100 -50
14.14 100 -50
14.16 100 -50
14.18 100 -50
14.2 100 -50
14.22 100 -50
14.24 100 -50
14.26 100 -50
14.28 100 -50
14.3 100 -50
14.32 100 -50
14.34 100 -50
14.36 100 -50
14.38 100 -50
14.4 100 -50
14.42 100 -50
14.44 100 -50
14.46 100 -50
14.48 100 -50
14.5 100 -50
14.52 100 -50
14.54 100 -50
14.56 100 -50
14.58 100 -50
14.6 100 -50
14.62 100 -50
14.64 100 -50
14.66 100 -50
14.68 100 -50
14.7 100 -50
14.72 100 -50
14.74 100 -50
14.76 100 -50
14.78 100 -50
14.8 100 -50
14.82 100 -50
14.84 100 -50
14.86 100 -50
14.88 100 -50
14.9 100 -50
14.92 100 -50
14.94 100 -50
14.96 100 -50
14.98 100 -50
15 100 -50
15.02 100 -50
15.04 100 -50
15.06 100 -50
15.08 100 -50
15.1 100 -50
15.12 100 -50
15.14 100 -50
15.16 100 -50
15.18 100 -50
15.2 100 -50
15.22 100 -50
15.24 100 -50
15.26 100 -50
15.28 100 -50
15.3 100 -50
15.32 100 -50
15.34 100 -50
15.36 100 -50
15.38 100 -50
15.4 100 -50
15.42 100 -50
15.44 100 -50
15.46 100 -50
15.48 100 -50
15.5 100 -50
15.52 100 -50
15.54 100 -50
15.56 100 -50
15.58 100 -50
15.6 100 -50
15.62 100 -50
15.64 100 -50
15.66 100 -50
15.68 100 -50
15.7 100 -50
15.72 100 -50
15.74 100 -50
15.76 100 -50
15.78 100 -50
15.8 100 -50
15.82 100 -50
15.84 100 -50
15.86 100 -50
15.88 100 -50
15.9 100 -50
15.92 100 -50
15.94 100 -50
15.96 100 -50
15.98 100 -50
16 100 -50
16.02 100 -50
16.04 100 -50
16.06 100 -50
16.08 100 -50
16.1 100 -50
16.12 100 -50
16.14 100 -50
16.16 100 -50
16.18 100 -50
16.2 100 -50
16.22 100 -50
16.24 100 -50
16.26 100 -50
16.28 100 -50
16.3 100 -50
16.32 100 -50
16.34 100 -50
16.36 100 -50
16.38 100 -50
16.4 100 -50
16.42 100 -50
16.44 100 -50
16.46 100 -50
16.48 100 -50
16.5 100 -50
16.52 100 -50
16.54 100 -50
16.56 100 -50
16.58 100 -50
16.6 100 -50
16.62 100 -50
16.64 100 -50
16.66 100 -50
16.68 100 -50
16.7 100 -50
16.72 100 -50
16.74 100 -50
16.76 100 -50
16.78 100 -50
16.8 100 -50
16.82 100 -50
16.84 100 -50
16.86 100 -50
16.88 100 -50
16.9 100 -50
16.92 100 -50
16.94 100 -50
16.96 100 -50
16.98 100 -50
17 100 -50
17.02 100 -50
17.04 100 -50
17.06 100 -50
17.08 100 -50
17.1 100 -50
17.12 100 -50
17.14 100 -50
17.16 100 -50
17.18 100 -50
17.2 100 -50
17.22 100 -50
17.24 100 -50
17.26 100 -50
17.28 100 -50
17.3 100 -50
17.32 100 -50
17.34 100 -50
17.36 100 -50
17.38 100 -50
17.4 100 -50
17.42 100 -50
17.44 100 -50
17.46 100 -50
17.48 100 -50
17.5 100 -50
17.52 100 -50
17.54 100 -50
17.56 100 -50
17.58 100 -50
17.6 100 -50
17.62 100 -50
17.64 100 -50
17.66 100 -50
17.68 100 -50
17.7 100 -50
17.72 100 -50
17.74 100 -50
17.76 100 -50
17.78 100 -50
17.8 100 -50
17.82 100 -50
17.84 100 -50
17.86 100 -50
17.88 100 -50
17.9 100 -50
17.92 100 -50
17.94 100 -50
17.96 100 -50
17.98 100 -50
18 100 -50
18.02 100 -50
18.04 100 -50
18.06 100 -50
18.08 100 -50
18.1 100 -50
18.12 100 -50
18.14 100 -50
18.16 100 -50
18.18 100 -50
18.2 100 -50
18.22 100 -50
18.24 100 -50
18.26 100 -50
18.28 100 -50
18.3 100 -50
18.32 100 -50
18.34 100 -50
18.36 100 -50
18.38 100 -50
18.4 100 -50
18.42 100 -50
18.44 100 -50
18.46 100 -50
18.48 100 -50
18.5 100 -50
18.52 100 -50
18.54 100 -50
18.56 100 -50
18.58 100 -50
18.6 100 -50
18.62 100 -50
18.64 100 -50
18.66 100 -50
18.68 100 -50
18.7 100 -50
18.72 100 -50
18.74 100 -50
18.76 100 -50
18.78 100 -50
18.8 100 -50
18.82 100 -50
18.84 100 -50
18.86 100 -50
18.88 100 -50
18.9 100 -50
18.92 100 -50
18.94 100 -50
18.96 100 -50
18.98 100 -50
19 100 -50
19.02 100 -50
19.04 100 -50
19.06 100 -50
19.08 100 -50
19.1 100 -50
19.12 100 -50
19.14 100 -50
19.16 100 -50
19.18 100 -50
19.2 100 -50
19.22 100 -50
19.24 100 -50
19.26 100 -50
19.28 100 -50
19.3 100 -50
19.32 100 -50
19.34 100 -50
19.36 100 -50
19.38 100 -50
19.4 100 -50
19.42 100 -50
19.44 100 -50
19.46 100 -50
19.48 100 -50
19.5 100 -50
19.52 100 -50
19.54 100 -50
19.56 100 -50
19.58 100 -50
19.6 100 -50
19.62 100 -50
19.64 100 -50
19.66 100 -50
19.68 100 -50
19.7 100 -50
19.72 100 -50
19.74 100 -50
19.76 100 -50
19.78 100 -50
19.8 100 -50
19.82 100 -50
19.84 100 -50
19.86 100 -50
19.88 100 -50
19.9 100 -50
19.92 100 -50
19.94 100 -50
19.96 100 -50
19.98 100 -50
20 100 -50
20.02 100 -50
20.04 100 -50
20.06 100 -50
20.08 100 -50
20.1 100 -50
20.12 100 -50
20.14 100 -50
20.16 100 -50
20.18 100 -50
20.2 100 -50
20.22 100 -50
20.24 100 -50
20.26 100 -50
20.28 100 -50
20.3 100 -50
20.32 100 -50
20.34 100 -50
20.36 100 -50
20.38 100 -50
20.4 100 -50
20.42 100 -50
20.44 100 -50
20.46 100 -50
20.48 100 -50
20.5 100 -50
20.52 100 -50
20.54 100 -50
20.56 100 -50
20.58 100 -50
20.6 100 -50
20.62 100 -50
20.64 100 -50
20.66 100 -50
20.68 100 -50
20.7 100 -50
20.72 100 -50
20.74 100 -50
20.76 100 -50
20.78 100 -50
20.8 100 -50
20.82 100 -50
20.84 100 -50
20.86 100 -50
20.88 100 -50
20.9 100 -50
20.92 100 -50
20.94 100 -50
20.96 100 -50
20.98 100 -50
21 100 -50
21.02 100 -50
21.04 100 -50
21.06 100 -50
21.08 100 -50
21.1 100 -50
21.12 100 -50
21.14 100 -50
21.16 100 -50
21.18 100 -50
21.2 100 -50
21.22 100 -50
21.24 100 -50
21.26 100 -50
21.28 100 -50
21.3 100 -50
21.32 100 -50
21.34 100 -50
21.36 100 -50
21.38 100 -50
21.4 100 -50
21.42 100 -50
21.44 100 -50
21.46 100 -50
21.48 100 -50
21.5 100 -50
21.52 100 -50
21.54 100 -50
21.56 100 -50
21.58 100 -50
21.6 100 -50
21.62 100 -50
21.64 100 -50
21.66 100 -50
21.68 100 -50
21.7 100 -50
21.72 100 -50
21.74 100 -50
21.76 100 -50
21.78 100 -50
21.8 100 -50
21.82 100 -50
21.84 100 -50
21.86 100 -50
21.88 100 -50
21.9 100 -50
21.92 100 -50
21.94 100 -50
21.96 100 -50
21.98 100 -50
22 100 -50
22.02 100 -50
22.04 100 -50
22.06 100 -50
22.08 100 -50
22.1 100 -50
22.12 100 -50
22.14 100 -50
22.16 100 -50
22.18 100 -50
22.2 100 -50
22.22 100 -50
22.24 100 -50
22.26 100 -50
22.28 100 -50
22.3 100 -50
22.32 100 -50
22.34 100 -50
22.36 100 -50
22.38 100 -50
22.4 100 -50
22.42 100 -50
22.44 100 -50
22.46 100 -50
22.48 100 -50
22.5 100 -50
22.52 100 -50
22.54 100 -50
22.56 100 -50
22.58 100 -50
22.6 100 -50
22.62 100 -50
22.64 100 -50
22.66 100 -50
22.68 100 -50
22.7 100 -50
22.72 100 -50
22.74 100 -50
22.76 100 -50
22.78 100 -50
22.8 100 -50
22.82 100 -50
22.84 100 -50
22.86 100 -50
22.88 100 -50
22.9 100 -50
22.92 100 -50
22.94 100 -50
22.96 100 -50
22.98 100 -50
23 100 -50
23.02 100 -50
23.04 100 -50
23.06 100 -50
23.08 100 -50
23.1 100 -50
23.12 100 -50
23.14 100 -50
23.16 100 -50
23.18 100 -50
23.2 100 -50
23.22 100 -50
23.24 100 -50
23.26 100 -50
23.28 100 -50
23.3 100 -50
23.32 100 -50
23.34 100 -50
23.36 100 -50
23.38 100 -50
23.4 100 -50
23.42 100 -50
23.44 100 -50
23.46 100 -50
23.48 100 -50
23.5 100 -50
23.52 100 -50
23.54 100 -50
23.56 100 -50
23.58 100 -50
23.6 100 -50
23.62 100 -50
23.64 100 -50
23.66 100 -50
23.68 100 -50
23.7 100 -50
23.72 100 -50
23.74 100 -50
23.76 100 -50
23.78 100 -50
23.8 100 -50
23.82 100 -50
23.84 100 -50
23.86 100 -50
23.88 100 -50
23.9 100 -50
23.92 100 -50
23.94 100 -50
23.96 100 -50
23.98 100 -50
24 100 -50
24.02 100 -50
24.04 100 -50
24.06 100 -50
24.08 100 -50
24.1 100 -50
24.12 100 -50
24.14 100 -50
24.16 100 -50
24.18 100 -50
24.2 100 -50
24.22 100 -50
24.24 100 -50
24.26 100 -50
24.28 100 -50
24.3 100 -50
24.32 100 -50
24.34 100 -50
24.36 100 -50
24.38 100 -50
24.4 100 -50
24.42 100 -50
24.44 100 -50
24.46 100 -50
24.48 100 -50
24.5 100 -50
24.52 100 -50
24.54 100 -50
24.56 100 -50
24.58 100 -50
24.6 100 -50
24.62 100 -50
24.64 100 -50
24.66 100 -50
24.68 100 -50
24.7 100 -50
24.72 100 -50
24.74 100 -50
24.76 100 -50
24.78 100 -50
24.8 100 -50
24.82 100 -50
24.84 100 -50
24.86 100 -50
24.88 100 -50
24.9 100 -50
24.92 100 -50
24.94 100 -50
24.96 100 -50
24.98 100 -50
25 100 -50
25.02 100 -50
25.04 100 -50
25.06 100 -50
25.08 100 -50
25.1 100 -50
25.12 100 -50
25.14 100 -50
25.16 100 -50
25.18 100 -50
25.2 100 -50
25.22 100 -50
25.24 100 -50
25.26 100 -50
25.28 100 -50
25.3 100 -50
25.32 100 -50
25.34 100 -50
25.36 100 -50
25.38 100 -50
25.4 100 -50
25.42 100 -50
25.44 100 -50
25.46 100 -50
25.48 100 -50
25.5 100 -50
25.52 100 -50
25.54 100 -50
25.56 100 -50
25.58 100 -50
25.6 100 -50
25.62 100 -50
25.64 100 -50
25.66 100 -50
25.68 100 -50
25.7 100 -50
25.72 100 -50
25.74 100 -50
25.76 100 -50
25.78 100 -50
25.8 100 -50
25.82 100 -50
25.84 100 -50
25.86 100 -50
25.88 100 -50
25.9 100 -50
25.92 100 -50
25.94 100 -50
25.96 100 -50
25.98 100 -50
26 100 -50
26.02 100 -50
26.04 100 -50
26.06 100 -50
26.08 100 -50
26.1 100 -50
26.12 100 -50
26.14 100 -50
26.16 100 -50
26.18 100 -50
26.2 100 -50
26.22 100 -50
26.24 100 -50
26.26 100 -50
26.28 100 -50
26.3 100 -50
26.32 100 -50
26.34 100 -50
26.36 100 -50
26.38 100 -50
26.4 100 -50
26.42 100 -50
26.44 100 -50
26.46 100 -50
26.48 100 -50
26.5 100 -50
26.52 100 -50
26.54 100 -50
26.56 100 -50
26.58 100 -50
26.6 100 -50
26.62 100 -50
26.64 100 -50
26.66 100 -50
26.68 100 -50
26.7 100 -50
26.72 100 -50
26.74 100 -50
26.76 100 -50
26.78 100 -50
26.8 100 -50
26.82 100 -50
26.84 100 -50
26.86 100 -50
26.88 100 -50
26.9 100 -50
26.92 100 -50
26.94 100 -50
26.96 100 -50
26.98 100 -50
27 100 -50
27.02 100 -50
27.04 100 -50
27.06 100 -50
27.08 100 -50
27.1 100 -50
27.12 100 -50
27.14 100 -50
27.16 100 -50
27.18 100 -50
27.2 100 -50
27.22 100 -50
27.24 100 -50
27.26 100 -50
27.28 100 -50
27.3 100 -50
27.32 100 -50
27.34 100 -50
27.36 100 -50
27.38 100 -50
27.4 100 -50
27.42 100 -50
27.44 100 -50
27.46 100 -50
27.48 100 -50
27.5 100 -50
27.52 100 -50
27.54 100 -50
27.56 100 -50
27.58 100 -50
27.6 100 -50
27.62 100 -50
27.64 100 -50
27.66 100 -50
27.68 100 -50
27.7 100 -50
27.72 100 -50
27.74 100 -50
27.76 100 -50
27.78 100 -50
27.8 100 -50
27.82 100 -50
27.84 100 -50
27.86 100 -50
27.88 100 -50
27.9 100 -50
27.92 100 -50
27.94 100 -50
27.96 100 -50
27.98 100 -50
28 100 -50
28.02 100 -50
28.04 100 -50
28.06 100 -50
28.08 100 -50
28.1 100 -50
28.12 100 -50
28.14 100 -50
28.16 100 -50
28.18 100 -50
28.2 100 -50
28.22 100 -50
28.24 100 -50
28.26 100 -50
28.28 100 -50
28.3 100 -50
28.32 100 -50
28.34 100 -50
28.36 100 -50
28.38 100 -50
28.4 100 -50
28.42 100 -50
28.44 100 -50
28.46 100 -50
28.48 100 -50
28.5 100 -50
28.52 100 -50
28.54 100 -50
28.56 100 -50
28.58 100 -50
28.6 100 -50
28.62 100 -50
28.64 100 -50
28.66 100 -50
28.68 100 -50
28.7 100 -50
28.72 100 -50
28.74 100 -50
28.76 100 -50
28.78 100 -50
28.8 100 -50
28.82 100 -50
28.84 100 -50
28.86 100 -50
28.88 100 -50
28.9 100 -50
28.92 100 -50
28.94 100 -50
28.96 100 -50
28.98 100 -50
29 100 -50
29.02 100 -50
29.04 100 -50
29.06 100 -50
29.08 100 -50
29.1 100 -50
29.12 100 -50
29.14 100 -50
29.16 100 -50
29.18 100 -50
29.2 100 -50
29.22 100 -50
29.24 100 -50
29.26 100 -50
29.28 100 -50
29.3 100 -50
29.32 100 -50
29.34 100 -50
29.36 100 -50
29.38 100 -50
29.4 100 -50
29.42 100 -50
29.44 100 -50
29.46 100 -50
29.48 100 -50
29.5 100 -50
29.52 100 -50
29.54 100 -50
29.56 100 -50
29.58 100 -50
29.6 100 -50
29.62 100 -50
29.64 100 -50
29.66 100 -50
29.68 100 -50
29.7 100 -50
29.72 100 -50
29.74 100 -50
29.76 100 -50
29.78 100 -50
29.8 100 -50
29.82 100 -50
29.84 100 -50
29.86 100 -50
29.88 100 -50
29.9 100 -50
29.92 100 -50
29.94 100 -50
29.96 100 -50
29.98 100 -50
30 100 -50
30.02 100 -50
