0.02 -0.0315789
0.04 -0.0295322
0.06 -0.025731
0.08 -0.0277778
0.1 -0.0350877
0.12 -0.0415205
0.14 -0.0374269
0.16 -0.0321637
0.18 -0.0248538
0.2 -0.0248538
0.22 -0.0383041
0.24 -0.051462
0.26 -0.0567251
0.28 -0.0473684
0.3 -0.0421053
0.32 -0.0315789
0.34 -0.0239766
0.36 -0.0122807
0.38 -0.0192982
0.4 -0.0383041
0.42 -0.0555556
0.44 -0.0573099
0.46 -0.0192982
0.48 0.00877193
0.5 0.0412281
0.52 -0.0143275
0.54 -0.0374269
0.56 -0.0421053
0.58 -0.0593567
0.6 -0.0760234
0.62 -0.0950292
0.64 -0.0894737
0.66 -0.0502924
0.68 -0.0576023
0.7 -0.0476608
0.72 -0.0479532
0.74 -0.0195906
0.76 0.00730994
0.78 0.0438596
0.8 0.0690059
0.82 0.0736842
0.84 0.0982456
0.86 0.13538
0.88 0.14386
0.9 0.122515
0.92 0.104971
0.94 0.0792398
0.96 0.0687134
0.98 0.0991228
1 0.120468
1.02 0.154971
1.04 0.186842
1.06 0.214035
1.08 0.190643
1.1 0.175146
1.12 0.116959
1.14 0.116959
1.16 0.0184211
1.18 -0.150585
1.2 -0.230117
1.22 -0.176316
1.24 -0.14152
1.26 -0.0730994
1.28 -0.0172515
1.3 0.0391813
1.32 0.0900585
1.34 0.145906
1.36 0.207602
1.38 0.290936
1.4 0.356725
1.42 0.447368
1.44 0.423977
1.46 0.339181
1.48 0.273392
1.5 0.260819
1.52 0.27076
1.54 0.245322
1.56 0.26345
1.58 0.290351
1.6 0.353801
1.62 0.0959064
1.64 -0.432749
1.66 -0.605263
1.68 -0.581871
1.7 -0.593567
1.72 -0.532164
1.74 -0.505848
1.76 -0.511696
1.78 -0.511696
1.8 -0.52924
1.82 -0.476608
1.84 -0.394737
1.86 -0.318713
1.88 -0.228655
1.9 -0.125439
1.92 -0.00497076
1.94 0.105263
1.96 0.229532
1.98 0.339181
2 0.467836
2.02 0.573099
2.04 0.704678
2.06 0.798246
2.08 0.888889
2.1 0.935673
2.12 1
2.14 0.824561
2.16 0.678363
2.18 -0.350877
2.2 -0.692982
2.22 -0.479532
2.24 -0.546784
2.26 -0.321637
2.28 -0.220175
2.3 -0.0505848
2.32 0.0330409
2.34 0.155848
2.36 0.261696
2.38 0.347953
2.4 0.51462
2.42 0.168421
2.44 -0.769006
2.46 -0.453216
2.48 -0.505848
2.5 -0.295322
2.52 -0.169298
2.54 0.0692982
2.56 -0.195906
2.58 -0.578947
2.6 -0.479532
2.62 -0.494152
2.64 -0.432749
2.66 -0.359649
2.68 -0.292398
2.7 -0.219591
2.72 -0.152924
2.74 -0.0792398
2.76 -0.0128655
2.78 0.0549708
2.8 -0.0277778
2.82 -0.126608
2.84 -0.245029
2.86 -0.27807
2.88 -0.209357
2.9 -0.175146
2.92 -0.0976608
2.94 -0.0315789
2.96 0.0540936
2.98 0.122807
3 0.196784
3.02 -0.0283626
3.04 -0.108772
3.06 -0.0116959
3.08 0.00321637
3.1 0.100585
3.12 0.165205
3.14 0.258187
3.16 0.330409
3.18 0.397661
3.2 0.0640351
3.22 0.0704678
3.24 0.199708
3.26 0.201462
3.28 0.385965
3.3 0.394737
3.32 0.596491
3.34 -0.272222
3.36 -0.383041
3.38 -0.202339
3.4 -0.159649
3.42 0.0210526
3.44 0.197368
3.46 -0.312866
3.48 -0.435672
3.5 -0.312866
3.52 -0.339181
3.54 -0.222807
3.56 -0.16345
3.58 -0.0628655
3.6 -0.0368421
3.62 -0.197076
3.64 -0.0947368
3.66 -0.098538
3.68 -0.0318713
3.7 0.00497076
3.72 0.0874269
3.74 0.14269
3.76 0.177778
3.78 0.0649123
3.8 -0.00935673
3.82 -0.0716374
3.84 0.0225146
3.86 0.0616959
3.88 0.166082
3.9 0.24152
3.92 0.353801
3.94 0.432749
3.96 0.508772
3.98 0.123099
4 0.00847953
4.02 0.075731
4.04 0.0856725
4.06 -0.0160819
4.08 -0.0429825
4.1 0.0418129
4.12 0.0602339
4.14 0.145906
4.16 0.188596
4.18 0.279825
4.2 0.330409
4.22 0.423977
4.24 0.476608
4.26 0.570175
4.28 0.54386
4.3 0.578947
4.32 0.517544
4.34 0.365497
4.36 -0.353801
4.38 -0.15848
4.4 -0.112281
4.42 -0.0909357
4.44 -0.327485
4.46 -0.48538
4.48 -0.719298
4.5 -0.593567
4.52 -0.538012
4.54 -0.385965
4.56 -0.280702
4.58 -0.0950292
4.6 0.0450292
4.62 0.238596
4.64 0.385965
4.66 0.532164
4.68 -0.0169591
4.7 -0.0494152
4.72 0.0833333
4.74 0.130702
4.76 0.287427
4.78 0.415205
4.8 0.540936
4.82 0.719298
4.84 0.494152
4.86 -0.403509
4.88 -0.292105
4.9 -0.318713
4.92 -0.265205
4.94 -0.137135
4.96 -0.365497
4.98 -0.616959
5 -0.473684
5.02 -0.494152
5.04 -0.383041
5.06 -0.324561
5.08 -0.226023
5.1 -0.149123
5.12 -0.159064
5.14 -0.350877
5.16 -0.353801
5.18 -0.339181
5.2 -0.336257
5.22 -0.209649
5.24 -0.159649
5.26 0.0187135
5.28 -0.235088
5.3 -0.476608
5.32 -0.25117
5.34 -0.280994
5.36 -0.115789
5.38 -0.0429825
5.4 0.0932749
5.42 0.189474
5.44 0.25614
5.46 0.138012
5.48 0.0578947
5.5 -0.00789474
5.52 0.0853801
5.54 0.130117
5.56 0.229532
5.58 0.30117
5.6 0.394737
5.62 0.47076
5.64 0.54386
5.66 0.374269
5.68 0.187135
5.7 0.0596491
5.72 0.0918129
5.74 0.109064
5.76 0.145029
5.78 0.0687134
5.8 -0.0245614
5.82 -0.0491228
5.84 -0.0330409
5.86 -0.0669591
5.88 -0.0725146
5.9 -0.0459064
5.92 -0.0201754
5.94 0.0429825
5.96 0.110819
5.98 0.169298
6 0.0745614
6.02 -0.0119883
6.04 -0.125146
6.06 -0.0388889
6.08 0.0277778
6.1 0.0672515
6.12 -0.0377193
6.14 -0.0146199
6.16 0.0233918
6.18 0.0614035
6.2 0.111111
6.22 0.149123
6.24 0.0459064
6.26 -0.00935672
6.28 -0.0324561
6.3 0.00146199
6.32 0.0222222
6.34 0.0102339
6.36 -0.0277778
6.38 -0.0105263
6.4 -0.00467836
6.42 0.0111111
6.44 0.0248538
6.46 -0.0163743
6.48 -0.0888889
6.5 -0.123099
6.52 -0.071345
6.54 -0.0690059
6.56 -0.0517544
6.58 -0.0377193
6.6 -0.00526316
6.62 0.0593567
6.64 -0.0315789
6.66 -0.0266082
6.68 -0.00994152
6.7 -0.0309942
6.72 -0.0324561
6.74 -0.0289474
6.76 -0.000584795
6.78 0.021345
6.8 0.0687134
6.82 0.103801
6.84 0.20614
6.86 0.227778
6.88 0.0538012
6.9 -0.0769006
6.92 -0.0362573
6.94 -0.0122807
6.96 0.0464912
6.98 0.0140351
7 -0.0640351
7.02 -0.13655
7.04 -0.125146
7.06 -0.0631579
7.08 -0.0125731
7.1 0.0464912
7.12 0.0935673
7.14 0.122515
7.16 0.0359649
7.18 -0.0467836
7.2 -0.0596491
7.22 -0.0239766
7.24 -0.0602339
7.26 -0.0400585
7.28 -0.0160819
7.3 0.0154971
7.32 0.0391813
7.34 0.0777778
7.36 0.0678363
7.38 0.0230994
7.4 -0.00233918
7.42 0.0584795
7.44 0.127193
7.46 0.14386
7.48 0.055848
7.5 0.0269006
7.52 -0.00643275
7.54 -0.00614035
7.56 0.0152047
7.58 0.027193
7.6 0.0745614
7.62 0.107602
7.64 0.153509
7.66 0.158187
7.68 0.124269
7.7 0.116374
7.72 0.16345
7.74 0.221053
7.76 0.106725
7.78 0.120175
7.8 0.028655
7.82 -0.0596491
7.84 -0.072807
7.86 -0.118421
7.88 -0.12076
7.9 -0.137719
7.92 -0.126608
7.94 -0.133918
7.96 -0.0166667
7.98 0.0520468
8 -0.0608187
8.02 -0.14386
8.04 -0.154971
8.06 -0.105848
8.08 -0.118421
8.1 -0.0900585
8.12 -0.0923977
8.14 -0.0774854
8.16 -0.0774854
8.18 -0.078655
8.2 -0.100877
8.22 -0.0903509
8.24 -0.0634503
8.26 -0.022807
8.28 0.0254386
8.3 0.0821637
8.32 0.0906433
8.34 0.104678
8.36 0.0997076
8.38 0.104678
8.4 0.0839181
8.42 0.0891813
8.44 0.0327485
8.46 0.0625731
8.48 0.0397661
8.5 0.112281
8.52 -0.251754
8.54 -0.394737
8.56 -0.391813
8.58 -0.394737
8.6 -0.347953
8.62 -0.304094
8.64 -0.242398
8.66 -0.190351
8.68 -0.129825
8.7 -0.0754386
8.72 -0.0175439
8.74 -0.0266082
8.76 -0.0532164
8.78 -0.0429825
8.8 0.0248538
8.82 0.0476608
8.84 0.0146199
8.86 0.077193
8.88 0.170175
8.9 0.253509
8.92 0.350877
8.94 0.497076
8.96 0.324561
8.98 -0.321637
9 -0.107018
9.02 -0.130117
9.04 -0.0690059
9.06 -0.280702
9.08 -0.191813
9.1 -0.174561
9.12 -0.195906
9.14 -0.161404
9.16 -0.00789474
9.18 0.110526
9.2 0.312866
9.22 0.488304
9.24 0.276901
9.26 0.119298
9.28 0.195029
9.3 0.0385965
9.32 -0.0277778
9.34 -0.152047
9.36 -0.241813
9.38 -0.336257
9.4 -0.336257
9.42 -0.234795
9.44 -0.107895
9.46 0.00847953
9.48 0.159357
9.5 0.345029
9.52 0.47076
9.54 -0.0789474
9.56 0.00994152
9.58 -0.0163743
9.6 0.00584795
9.62 0.0426901
9.64 0.157018
9.66 0.233333
9.68 -0.0599415
9.7 -0.172515
9.72 -0.0494152
9.74 -0.0511696
9.76 -0.00818713
9.78 0.0216374
9.8 0.111696
9.82 0.165789
9.84 0.220175
9.86 0.234211
9.88 0.173099
9.9 0.0888889
9.92 0.00672515
9.94 0.0187135
9.96 -0.118713
9.98 -0.131871
10 -0.0230994
10.02 0.0491228
10.04 0.165789
10.06 0.027193
10.08 -0.0160819
10.1 0.0128655
10.12 -0.0359649
10.14 -0.0824561
10.16 -0.127778
10.18 -0.102924
10.2 -0.0745614
10.22 -0.0324561
10.24 0.0599415
10.26 0.151754
10.28 0.249708
10.3 0.333333
10.32 0.214327
10.34 0.0692982
10.36 -0.107602
10.38 -0.0792398
10.4 -0.0634503
10.42 -0.255263
10.44 -0.284503
10.46 -0.172222
10.48 -0.0982456
10.5 0.0225146
10.52 0.075731
10.54 0.148538
10.56 0.105556
10.58 0.0236842
10.6 -0.0163743
10.62 -0.0611111
10.64 -0.0926901
10.66 -0.0695906
10.68 -0.109942
10.7 -0.160819
10.72 -0.211111
10.74 -0.234795
10.76 -0.152924
10.78 -0.0994152
10.8 -0.00321637
10.82 0.0190058
10.84 -0.0108187
10.86 -0.00146199
10.88 -0.0491228
10.9 -0.119883
10.92 -0.0233918
10.94 0.0230994
10.96 0.109357
10.98 0.179825
11 0.194444
11.02 0.074269
11.04 -0.0166667
11.06 -0.138596
11.08 -0.104094
11.1 -0.0710526
11.12 -0.0140351
11.14 0.0368421
11.16 0.110819
11.18 0.0704678
11.2 -0.0663743
11.22 -0.125146
11.24 -0.198538
11.26 -0.193275
11.28 -0.172515
11.3 -0.15
11.32 -0.119298
11.34 -0.0903509
11.36 -0.0777778
11.38 -0.158187
11.4 -0.183626
11.42 -0.265497
11.44 -0.324561
11.46 -0.257602
11.48 -0.225146
11.5 -0.170175
11.52 -0.138304
11.54 -0.0973684
11.56 -0.0581871
11.58 0.00584795
11.6 0.0616959
11.62 0.126316
11.64 0.17924
11.66 0.224269
11.68 0.272807
11.7 0.312866
11.72 0.330409
11.74 0.347953
11.76 0.365497
11.78 0.388889
11.8 0.464912
11.82 0.526316
11.84 0.596491
11.86 0.362573
11.88 0.12924
11.9 -0.0409357
11.92 -0.194737
11.94 -0.162281
11.96 -0.202632
11.98 -0.287719
12 -0.365497
12.02 -0.345029
12.04 -0.307018
12.06 -0.269006
12.08 -0.217251
12.1 -0.23655
12.12 -0.248538
12.14 -0.251462
12.16 -0.252339
12.18 -0.255263
12.2 -0.253801
12.22 -0.258772
12.24 -0.157018
12.26 0.0152047
12.28 0.0628655
12.3 0.0716374
12.32 0.169591
12.34 0.0918129
12.36 0.0690059
12.38 0.141813
12.4 0.172222
12.42 0.153509
12.44 0.103801
12.46 0.0576023
12.48 0.0581871
12.5 0.14386
12.52 0.100292
12.54 0.0842105
12.56 0.126316
12.58 0.069883
12.6 0.025731
12.62 0.0225146
12.64 -0.0432749
12.66 -0.0225146
12.68 -0.00555556
12.7 0.0219298
12.72 0.0128655
12.74 -0.0423977
12.76 -0.0923977
12.78 -0.0704678
12.8 -0.00818713
12.82 0.0532164
12.84 0.124561
12.86 0.128363
12.88 0.149708
12.9 0.136257
12.92 0.140058
12.94 0.0564327
12.96 0.0649123
12.98 0.080117
13 0.114912
13.02 0.147368
13.04 0.168713
13.06 0.17193
13.08 0.240351
13.1 0.233041
13.12 0.277485
13.14 0.100877
13.16 0.0131579
13.18 -0.0359649
13.2 -0.101462
13.22 -0.124561
13.24 -0.121637
13.26 -0.0804094
13.28 -0.0789474
13.3 0.0216374
13.32 0.125146
13.34 -0.0675439
13.36 -0.113158
13.38 -0.024269
13.4 0.0406433
13.42 0.130117
13.44 0.00789474
13.46 -0.203801
13.48 -0.232749
13.5 -0.0733918
13.52 -0.0394737
13.54 0.0230994
13.56 -0.0336257
13.58 -0.0733918
13.6 -0.0973684
13.62 -0.078655
13.64 -0.0880117
13.66 -0.0584795
13.68 -0.0195906
13.7 -0.0111111
13.72 0.0307018
13.74 0.0865497
13.76 0.100585
13.78 0.279825
13.8 0.262573
13.82 0.0523392
13.84 -0.105848
13.86 -0.290643
13.88 -0.235965
13.9 -0.217544
13.92 -0.157602
13.94 -0.0964912
13.96 -0.0374269
13.98 0.00906433
14 0.0432749
14.02 0.148538
14.04 -0.00643275
14.06 -0.142982
14.08 -0.104678
14.1 -0.202047
14.12 -0.150877
14.14 -0.10848
14.16 0.025731
14.18 0.184795
14.2 0.245906
14.22 0.374269
14.24 0.406433
14.26 0.347953
14.28 0.219591
14.3 0.0657895
14.32 -0.025731
14.34 -0.0663743
14.36 0.0216374
14.38 0.052924
14.4 0.159064
14.42 0.116667
14.44 0.0131579
14.46 -0.0239766
14.48 -0.0540936
14.5 -0.00584795
14.52 0.00175439
14.54 -0.0342105
14.56 -0.0614035
14.58 -0.0885965
14.6 -0.149708
14.62 -0.212573
14.64 -0.169298
14.66 -0.0777778
14.68 -0.0520468
14.7 0.0116959
14.72 0.028655
14.74 0.0400585
14.76 0.0646199
14.78 0.127778
14.8 0.0266082
14.82 -0.160234
14.84 -0.162281
14.86 -0.0710526
14.88 -0.0236842
14.9 0.0730994
14.92 0.119883
14.94 0.0532164
14.96 -0.00789474
14.98 -0.0710526
15 -0.00438597
15.02 0.0722222
15.04 0.140936
15.06 0.228947
15.08 0.181871
15.1 0.0967836
15.12 -0.00409357
15.14 -0.0570175
15.16 -0.0722222
15.18 -0.0619883
15.2 -0.0321637
15.22 0.0146199
15.24 0.0704678
15.26 -0.00994152
15.28 -0.0631579
15.3 -0.137719
15.32 -0.10614
15.34 -0.0570175
15.36 -0.00526316
15.38 0.0497076
15.4 -0.0233918
15.42 0.00146199
15.44 0.0672515
15.46 0.109357
15.48 0.175731
15.5 0.150877
15.52 0.126316
15.54 0.100585
15.56 0.147661
15.58 0.190936
15.6 0.199708
15.62 0.0502924
15.64 -0.0497076
15.66 -0.154094
15.68 -0.194152
15.7 -0.113158
15.72 -0.0649123
15.74 -0.00964912
15.76 0.0347953
15.78 -0.0374269
15.8 -0.102632
15.82 -0.150292
15.84 -0.0979532
15.86 -0.0637427
15.88 -0.00350877
15.9 0.0415205
15.92 0.0204678
15.94 -0.0184211
15.96 -0.0350877
15.98 -0.094152
16 -0.10117
16.02 -0.0266082
16.04 0.021345
16.06 0.0903509
16.08 0.138012
16.1 0.176316
16.12 0.168421
16.14 0.0964912
16.16 -0.021345
16.18 -0.227193
16.2 -0.177778
16.22 -0.12807
16.24 -0.0611111
16.26 0.00906433
16.28 0.102339
16.3 0.0856725
16.32 0.0353801
16.34 0.0988304
16.36 0.0926901
16.38 0.074269
16.4 0.0602339
16.42 0.0578947
16.44 0.0508772
16.46 0.00614035
16.48 -0.0421053
16.5 -0.100292
16.52 -0.0991228
16.54 -0.0423977
16.56 -0.00818713
16.58 0.0497076
16.6 -0.0280702
16.62 -0.0745614
16.64 -0.0815789
16.66 -0.11345
16.68 -0.0707602
16.7 -0.0628655
16.72 -0.0532164
16.74 -0.0508772
16.76 -0.0111111
16.78 -0.00789474
16.8 -0.0540936
16.82 -0.0359649
16.84 0.0254386
16.86 0.100292
16.88 0.203216
16.9 0.266082
16.92 0.249415
16.94 0.222222
16.96 0.15
16.98 0.054386
17 0.00438597
17.02 -0.0555556
17.04 -0.044152
17.06 -0.021345
17.08 0.00614035
17.1 0.0377193
17.12 0.0628655
17.14 0.00701754
17.16 -0.0362573
17.18 -0.0961988
17.2 -0.151754
17.22 -0.207018
17.24 -0.169298
17.26 -0.135088
17.28 -0.0897661
17.3 -0.0423977
17.32 -0.00263158
17.34 -0.0526316
17.36 -0.0929825
17.38 -0.135965
17.4 -0.114327
17.42 -0.100877
17.44 -0.0923977
17.46 -0.127193
17.48 -0.143567
17.5 -0.138889
17.52 -0.122807
17.54 -0.105556
17.56 -0.0809942
17.58 -0.0754386
17.6 -0.0406433
17.62 -0.019883
17.64 0.148246
17.66 0.211111
17.68 0.256725
17.7 0.228655
17.72 0.223684
17.74 0.128363
17.76 0.0233918
17.78 0.00380117
17.8 -0.0368421
17.82 -0.00438597
17.84 0.00877193
17.86 0.0304094
17.88 0.0304094
17.9 0.0564327
17.92 0.0599415
17.94 0.0216374
17.96 -0.0163743
17.98 -0.0210526
18 0.0204678
18.02 0.0309942
18.04 0.0429825
18.06 -0.00263158
18.08 -0.0464912
18.1 -0.0546784
18.12 -0.00204678
18.14 0.0453216
18.16 0.0307018
18.18 -0.0336257
18.2 -0.0883041
18.22 -0.0903509
18.24 -0.0277778
18.26 -0.0169591
18.28 0.00116959
18.3 0.00584795
18.32 0.0146199
18.34 0.0166667
18.36 0.0283626
18.38 0.0391813
18.4 0.0517544
18.42 0.0637427
18.44 0.0763158
18.46 0.0883041
18.48 0.10117
18.5 0.112865
18.52 0.138596
18.54 0.114912
18.56 0.0695906
18.58 0.0336257
18.6 -0.0230994
18.62 -0.0362573
18.64 0.0157895
18.66 0.00789474
18.68 -0.0730994
18.7 -0.165497
18.72 -0.184211
18.74 -0.172807
18.76 -0.12076
18.78 -0.019883
18.8 0.0795322
18.82 0.0809942
18.84 -0.00614035
18.86 -0.0175439
18.88 -0.0321637
18.9 -0.0646199
18.92 -0.121637
18.94 -0.151754
18.96 -0.0649123
18.98 0.00877193
19 0.0230994
19.02 0.0406433
19.04 0.05
19.06 0.0739766
19.08 0.0944444
19.1 0.114327
19.12 0.0479532
19.14 -0.0397661
19.16 -0.0944444
19.18 -0.0850877
19.2 -0.0839181
19.22 -0.0888889
19.24 -0.0991228
19.26 -0.0716374
19.28 -0.0222222
19.3 0.0365497
19.32 0.109942
19.34 0.117544
19.36 0.0716374
19.38 0.045614
19.4 -0.0116959
19.42 -0.0447368
19.44 -0.0845029
19.46 -0.0923977
19.48 -0.0324561
19.5 0.0274854
19.52 0.0979532
19.54 0.168421
19.56 0.123977
19.58 0.0418129
19.6 -0.00204678
19.62 -0.0394737
19.64 -0.0789474
19.66 -0.0997076
19.68 -0.104386
19.7 -0.115789
19.72 -0.117544
19.74 -0.14269
19.76 -0.140351
19.78 -0.118713
19.8 -0.119006
19.82 -0.102632
19.84 -0.0546784
19.86 -0.0166667
19.88 0.0128655
19.9 -0.00555555
19.92 -0.0210526
19.94 -0.0494152
19.96 -0.0336257
19.98 0.0368421
20 0.104678
20.02 0.191228
20.04 0.209357
20.06 0.222807
20.08 0.216082
20.1 0.183626
20.12 0.14152
20.14 0.077193
20.16 -0.0128655
20.18 -0.0842105
20.2 -0.112281
20.22 -0.14386
20.24 -0.125146
20.26 -0.121637
20.28 -0.0807018
20.3 -0.0152047
20.32 0.0692982
20.34 0.124561
20.36 0.176608
20.38 0.132164
20.4 0.0830409
20.42 0.0368421
20.44 -0.0157895
20.46 -0.0804094
20.48 -0.123684
20.5 -0.0511696
20.52 0.000292398
20.54 0.074269
20.56 0.140643
20.58 0.187427
20.6 0.161988
20.62 0.12076
20.64 0.0538012
20.66 -0.0140351
20.68 -0.0885965
20.7 -0.155263
20.72 -0.207018
20.74 -0.271345
20.76 -0.252339
20.78 -0.184503
20.8 -0.109942
20.82 0.0254386
20.84 0.0903509
20.86 0.172222
20.88 0.179532
20.9 0.112573
20.92 0.102632
20.94 0.0909357
20.96 0.0719298
20.98 0.00555556
21 -0.0578947
21.02 -0.0461988
21.04 -0.00438597
21.06 0.0289474
21.08 0.0836257
21.1 0.119298
21.12 0.16462
21.14 0.155263
21.16 0.0918129
21.18 0.0482456
21.2 -0.00701754
21.22 -0.0552632
21.24 -0.0807018
21.26 -0.10848
21.28 -0.131579
21.3 -0.15614
21.32 -0.141228
21.34 -0.110819
21.36 -0.0865497
21.38 -0.0573099
21.4 -0.0538012
21.42 -0.0464912
21.44 -0.0347953
21.46 -0.0154971
21.48 0.000584795
21.5 0.0172515
21.52 -0.00672515
21.54 -0.0327485
21.56 -0.0599415
21.58 -0.094152
21.6 -0.11345
21.62 -0.0997076
21.64 -0.0839181
21.66 -0.0959064
21.68 -0.119006
21.7 -0.142398
21.72 -0.16462
21.74 -0.188304
21.76 -0.162281
21.78 -0.130409
21.8 -0.00233918
21.82 0.0739766
21.84 0.120175
21.86 0.188304
21.88 0.169298
21.9 0.138596
21.92 0.112281
21.94 0.112573
21.96 0.0994152
21.98 0.104386
22 0.00233918
22.02 -0.074269
22.04 -0.134503
22.06 -0.137719
22.08 -0.0649123
22.1 -0.0190058
22.12 0.0479532
22.14 0.103801
22.16 0.147368
22.18 0.10848
22.2 0.0818713
22.22 0.0461988
22.24 0.0119883
22.26 -0.00789474
22.28 0.00614035
22.3 0.0128655
22.32 0.0289474
22.34 0.0394737
22.36 0.0274854
22.38 0.0169591
22.4 0.00643275
22.42 -0.00906433
22.44 -0.00906433
22.46 0.00116959
22.48 -0.00730994
22.5 -0.0362573
22.52 -0.0687134
22.54 -0.118713
22.56 -0.154971
22.58 -0.204971
22.6 -0.0944444
22.62 -0.0152047
22.64 0.0274854
22.66 0.0959064
22.68 0.139766
22.7 0.14883
22.72 0.104678
22.74 0.1
22.76 0.0894737
22.78 0.0833333
22.8 0.0769006
22.82 0.0491228
22.84 -0.00146199
22.86 -0.0619883
22.88 -0.106725
22.9 -0.0906433
22.92 -0.0868421
22.94 -0.0818713
22.96 -0.0692982
22.98 -0.0777778
23 -0.0900585
23.02 -0.107018
23.04 -0.104386
23.06 -0.0900585
23.08 -0.0564327
23.1 0.00555555
23.12 0.0573099
23.14 0.0467836
23.16 0.0377193
23.18 0.0409357
23.2 0.0321637
23.22 0.0315789
23.24 0.0269006
23.26 0.0260234
23.28 0.00555556
23.3 -0.0383041
23.32 -0.0722222
23.34 -0.127485
23.36 -0.126316
23.38 -0.0877193
23.4 -0.0561404
23.42 -0.0140351
23.44 0.0283626
23.46 0.0491228
23.48 0.0432749
23.5 0.0505848
23.52 0.022807
23.54 -0.0169591
23.56 -0.0628655
23.58 -0.0684211
23.6 0.0175439
23.62 0.0766082
23.64 0.078655
23.66 0.0245614
23.68 -0.0119883
23.7 -0.0663743
23.72 -0.0222222
23.74 0.00906433
23.76 0.0532164
23.78 0.0906433
23.8 0.140058
23.82 0.134211
23.84 0.048538
23.86 -0.0169591
23.88 -0.115789
23.9 -0.129825
23.92 -0.0704678
23.94 -0.0295322
23.96 0.0634503
23.98 0.0763158
24 0.0353801
24.02 0.00233918
24.04 -0.0491228
24.06 -0.111696
24.08 -0.165497
24.1 -0.228363
24.12 -0.180994
24.14 -0.0748538
24.16 0.0128655
24.18 0.133333
24.2 0.228947
24.22 0.321637
24.24 0.278655
24.26 0.142982
24.28 0.0356725
24.3 -0.113158
24.32 -0.247368
24.34 -0.359649
24.36 -0.252632
24.38 -0.180117
24.4 -0.0666667
24.42 0.0438596
24.44 0.139474
24.46 0.0944444
24.48 0.0725146
24.5 0.0277778
24.52 0.0663743
24.54 0.0988304
24.56 0.147661
24.58 0.173684
24.6 0.151754
24.62 0.161404
24.64 0.173977
24.66 0.180409
24.68 0.173392
24.7 0.136257
24.72 0.0461988
24.74 -0.0225146
24.76 -0.0672515
24.78 -0.0885965
24.8 -0.0961988
24.82 -0.106433
24.84 -0.143275
24.86 -0.192982
24.88 -0.211404
24.9 -0.22924
24.92 -0.247368
24.94 -0.165497
24.96 -0.0611111
24.98 0.0374269
25 0.111404
25.02 0.14269
25.04 0.10614
25.06 0.0730994
25.08 0.0461988
25.1 0.110234
25.12 0.173684
25.14 0.184211
25.16 0.108187
25.18 0.0634503
25.2 0.0116959
25.22 0.00672515
25.24 -0.0181287
25.26 -0.0836257
25.28 -0.111111
25.3 -0.133626
25.32 -0.147661
25.34 -0.227193
25.36 -0.183626
25.38 -0.0552632
25.4 0.0552632
25.42 0.14883
25.44 0.217544
25.46 0.219006
25.48 0.164327
25.5 0.133041
25.52 0.153509
25.54 0.185673
25.56 0.213743
25.58 0.24883
25.6 0.271053
25.62 0.285088
25.64 0.271637
25.66 0.238012
25.68 0.077193
25.7 -0.0845029
25.72 -0.26345
25.74 -0.397661
25.76 -0.25117
25.78 -0.136842
25.8 0.0236842
25.82 0.173684
25.84 0.240643
25.86 0.162573
25.88 0.0880117
25.9 -0.00321637
25.92 -0.111111
25.94 -0.101462
25.96 -0.00584795
25.98 0.0526316
26 0.185088
26.02 0.295322
26.04 0.327485
26.06 0.324561
26.08 0.274854
26.1 0.23538
26.12 0.177778
26.14 0.148538
26.16 0.0602339
26.18 -0.0587719
26.2 -0.167251
26.22 -0.298246
26.24 -0.388889
26.26 -0.359649
26.28 -0.353801
26.3 -0.295322
26.32 -0.222807
26.34 -0.160234
26.36 -0.142982
26.38 -0.118421
26.4 -0.0850877
26.42 -0.051462
26.44 -0.0412281
26.46 -0.028655
26.48 -0.0146199
26.5 0.00555555
26.52 0.0233918
26.54 0.0102339
26.56 -0.00847953
26.58 -0.0178363
26.6 -0.00994152
26.62 -0.00380117
26.64 0.0222222
26.66 0.0599415
26.68 0.095614
26.7 0.131579
26.72 0.168713
26.74 0.164327
26.76 0.135673
26.78 0.0877193
26.8 0.0312865
26.82 -0.00116959
26.84 -0.00964912
26.86 -0.0201754
26.88 -0.0295322
26.9 -0.0587719
26.92 -0.0549708
26.94 0.00730994
26.96 0.0391813
26.98 0.0710526
27 0.0777778
27.02 0.0774854
27.04 0.0453216
27.06 -0.00555555
27.08 -0.0277778
27.1 -0.0631579
27.12 -0.0488304
27.14 -0.0350877
27.16 -0.0187135
27.18 -0.0377193
27.2 -0.0476608
27.22 -0.0564327
27.24 -0.0707602
27.26 -0.0690059
27.28 -0.0511696
27.3 -0.0362573
27.32 -0.0540936
27.34 -0.0774854
27.36 -0.0944444
27.38 -0.0982456
27.4 -0.132749
27.42 -0.125731
27.44 -0.0976608
27.46 -0.0622807
27.48 -0.0201754
27.5 0.00877193
27.52 0.000877193
27.54 -0.027193
27.56 -0.0260234
27.58 -0.0438596
27.6 -0.0479532
27.62 -0.0695906
27.64 -0.0944444
27.66 -0.123099
27.68 -0.133626
27.7 -0.116082
27.72 -0.102047
27.74 -0.0754386
27.76 -0.0502924
27.78 -0.00584795
27.8 0.045614
27.82 0.0830409
27.84 0.105848
27.86 0.103509
27.88 0.078655
27.9 0.0295322
27.92 -0.0131579
27.94 -0.0365497
27.96 -0.0716374
27.98 -0.0669591
28 -0.0368421
28.02 -0.019883
28.04 0.00526316
28.06 0.027193
28.08 0.0584795
28.1 0.0836257
28.12 0.106725
28.14 0.0909357
28.16 0.052924
28.18 0.00701754
28.2 -0.045614
28.22 -0.0932749
28.24 -0.0640351
28.26 -0.0345029
28.28 0.00438596
28.3 0.0447368
28.32 0.0871345
28.34 0.0710526
28.36 0.0397661
28.38 0.0298246
28.4 0.00701754
28.42 -0.00292398
28.44 -0.00672515
28.46 -0.0105263
28.48 -0.0140351
28.5 -0.0260234
28.52 -0.0453216
28.54 -0.0432749
28.56 -0.0222222
28.58 -5.81066e-13
28.6 -0.00584795
28.62 -0.0432749
28.64 -0.0657895
28.66 -0.109357
28.68 -0.106725
28.7 -0.0733918
28.72 -0.0479532
28.74 -0.00409357
28.76 0.0447368
28.78 0.0883041
28.8 0.114912
28.82 0.118713
28.84 0.112573
28.86 0.0961988
28.88 0.0535088
28.9 0.0365497
28.92 0.0204678
28.94 -0.000292398
28.96 -0.019883
28.98 -0.0380117
29 -0.0374269
29.02 -0.0336257
29.04 -0.0298246
29.06 -0.0245614
29.08 -0.0412281
29.1 -0.0599415
29.12 -0.078655
29.14 -0.102339
29.16 -0.104971
29.18 -0.0868421
29.2 -0.0663743
29.22 0.00526316
29.24 0.0289474
29.26 0.0593567
29.28 0.0748538
29.3 0.0581871
29.32 0.0467836
29.34 0.0312865
29.36 0.045614
29.38 0.0578947
29.4 0.0707602
29.42 0.0412281
29.44 0.0160819
29.46 -0.0192982
29.48 -0.0283626
29.5 -0.00760234
29.52 0.00467836
29.54 0.0292398
29.56 0.0274854
29.58 0.0114035
29.6 3.0855e-13
29.62 -0.0192982
29.64 -0.0289474
29.66 -0.0318713
29.68 -0.0336257
29.7 -0.0383041
29.72 -0.0491228
29.74 -0.0581871
29.76 -0.0304094
29.78 -0.00292398
29.8 0.0160819
29.82 0.0377193
29.84 0.0584795
29.86 0.0581871
29.88 0.0494152
29.9 0.0418129
29.92 0.0318713
29.94 0.0374269
29.96 0.0444444
29.98 0.0400585
30 0.0342105
30.02 0
