0.02 2 -1
0.04 4 -2
0.06 6 -3
0.08 8 -4
0.1 10 -5
0.12 12 -6
0.14 14 -7
0.16 16 -8
0.18 18 -9
0.2 20 -10
0.22 22 -11
0.24 24 -12
0.26 26 -13
0.28 28 -14
0.3 30 -15
0.32 32 -16
0.34 34 -17
0.36 36 -18
0.38 38 -19
0.4 40 -20
0.42 42 -21
0.44 44 -22
0.46 46 -23
0.48 48 -24
0.5 50 -25
0.52 52 -26
0.54 54 -27
0.56 56 -28
0.58 58 -29
0.6 60 -30
0.62 62 -31
0.64 64 -32
0.66 66 -33
0.68 68 -34
0.7 70 -35
0.72 72 -36
0.74 74 -37
0.76 76 -38
0.78 78 -39
0.8 80 -40
0.82 82 -41
0.84 84 -42
0.86 86 -43
0.88 88 -44
0.9 90 -45
0.92 92 -46
0.94 94 -47
0.96 96 -48
0.98 98 -49
1 100 -50
1.02 102 -51
1.04 104 -52
1.06 106 -53
1.08 108 -54
1.1 110 -55
1.12 112 -56
1.14 114 -57
1.16 116 -58
1.18 118 -59
1.2 120 -60
1.22 122 -61
1.24 124 -62
1.26 126 -63
1.28 128 -64
1.3 130 -65
1.32 132 -66
1.34 134 -67
1.36 136 -68
1.38 138 -69
1.4 140 -70
1.42 142 -71
1.44 144 -72
1.46 146 -73
1.48 148 -74
1.5 150 -75
1.52 152 -76
1.54 154 -77
1.56 156 -78
1.58 158 -79
1.6 160 -80
1.62 162 -81
1.64 164 -82
1.66 166 -83
1.68 168 -84
1.7 170 -85
1.72 172 -86
1.74 174 -87
1.76 176 -88
1.78 178 -89
1.8 180 -90
1.82 182 -91
1.84 184 -92
1.86 186 -93
1.88 188 -94
1.9 190 -95
1.92 192 -96
1.94 194 -97
1.96 196 -98
1.98 198 -99
2 200 -100
2.02 202 -101
2.04 204 -102
2.06 206 -103
2.08 208 -104
2.1 210 -105
2.12 212 -106
2.14 214 -107
2.16 216 -108
2.18 218 -109
2.2 220 -110
2.22 222 -111
2.24 224 -112
2.26 226 -113
2.28 228 -114
2.3 230 -115
2.32 232 -116
2.34 234 -117
2.36 236 -118
2.38 238 -119
2.4 240 -120
2.42 242 -121
2.44 244 -122
2.46 246 -123
2.48 248 -124
2.5 250 -125
2.52 252 -126
2.54 254 -127
2.56 256 -128
2.58 258 -129
2.6 260 -130
2.62 262 -131
2.64 264 -132
2.66 266 -133
2.68 268 -134
2.7 270 -135
2.72 272 -136
2.74 274 -137
2.76 276 -138
2.78 278 -139
2.8 280 -140
2.82 282 -141
2.84 284 -142
2.86 286 -143
2.88 288 -144
2.9 290 -145
2.92 292 -146
2.94 294 -147
2.96 296 -148
2.98 298 -149
3 300 -150
3.02 302 -151
3.04 304 -152
3.06 306 -153
3.08 308 -154
3.1 310 -155
3.12 312 -156
3.14 314 -157
3.16 316 -158
3.18 318 -159
3.2 320 -160
3.22 322 -161
3.24 324 -162
3.26 326 -163
3.28 328 -164
3.3 330 -165
3.32 332 -166
3.34 334 -167
3.36 336 -168
3.38 338 -169
3.4 340 -170
3.42 342 -171
3.44 344 -172
3.46 346 -173
3.48 348 -174
3.5 350 -175
3.52 352 -176
3.54 354 -177
3.56 356 -178
3.58 358 -179
3.6 360 -180
3.62 362 -181
3.64 364 -182
3.66 366 -183
3.68 368 -184
3.7 370 -185
3.72 372 -186
3.74 374 -187
3.76 376 -188
3.78 378 -189
3.8 380 -190
3.82 382 -191
3.84 384 -192
3.86 386 -193
3.88 388 -194
3.9 390 -195
3.92 392 -196
3.94 394 -197
3.96 396 -198
3.98 398 -199
4 400 -200
4.02 402 -201
4.04 404 -202
4.06 406 -203
4.08 408 -204
4.1 410 -205
4.12 412 -206
4.14 414 -207
4.16 416 -208
4.18 418 -209
4.2 420 -210
4.22 422 -211
4.24 424 -212
4.26 426 -213
4.28 428 -214
4.3 430 -215
4.32 432 -216
4.34 434 -217
4.36 436 -218
4.38 438 -219
4.4 440 -220
4.42 442 -221
4.44 444 -222
4.46 446 -223
4.48 448 -224
4.5 450 -225
4.52 452 -226
4.54 454 -227
4.56 456 -228
4.58 458 -229
4.6 460 -230
4.62 462 -231
4.64 464 -232
4.66 466 -233
4.68 468 -234
4.7 470 -235
4.72 472 -236
4.74 474 -237
4.76 476 -238
4.78 478 -239
4.8 480 -240
4.82 482 -241
4.84 484 -242
4.86 486 -243
4.88 488 -244
4.9 490 -245
4.92 492 -246
4.94 494 -247
4.96 496 -248
4.98 498 -249
5 500 -250
5.02 502 -251
5.04 504 -252
5.06 506 -253
5.08 508 -254
5.1 510 -255
5.12 512 -256
5.14 514 -257
5.16 516 -258
5.18 518 -259
5.2 520 -260
5.22 522 -261
5.24 524 -262
5.26 526 -263
5.28 528 -264
5.3 530 -265
5.32 532 -266
5.34 534 -267
5.36 536 -268
5.38 538 -269
5.4 540 -270
5.42 542 -271
5.44 544 -272
5.46 546 -273
5.48 548 -274
5.5 550 -275
5.52 552 -276
5.54 554 -277
5.56 556 -278
5.58 558 -279
5.6 560 -280
5.62 562 -281
5.64 564 -282
5.66 566 -283
5.68 568 -284
5.7 570 -285
5.72 572 -286
5.74 574 -287
5.76 576 -288
5.78 578 -289
5.8 580 -290
5.82 582 -291
5.84 584 -292
5.86 586 -293
5.88 588 -294
5.9 590 -295
5.92 592 -296
5.94 594 -297
5.96 596 -298
5.98 598 -299
6 600 -300
6.02 602 -301
6.04 604 -302
6.06 606 -303
6.08 608 -304
6.1 610 -305
6.12 612 -306
6.14 614 -307
6.16 616 -308
6.18 618 -309
6.2 620 -310
6.22 622 -311
6.24 624 -312
6.26 626 -313
6.28 628 -314
6.3 630 -315
6.32 632 -316
6.34 634 -317
6.36 636 -318
6.38 638 -319
6.4 640 -320
6.42 642 -321
6.44 644 -322
6.46 646 -323
6.48 648 -324
6.5 650 -325
6.52 652 -326
6.54 654 -327
6.56 656 -328
6.58 658 -329
6.6 660 -330
6.62 662 -331
6.64 664 -332
6.66 666 -333
6.68 668 -334
6.7 670 -335
6.72 672 -336
6.74 674 -337
6.76 676 -338
6.78 678 -339
6.8 680 -340
6.82 682 -341
6.84 684 -342
6.86 686 -343
6.88 688 -344
6.9 690 -345
6.92 692 -346
6.94 694 -347
6.96 696 -348
6.98 698 -349
7 700 -350
7.02 702 -351
7.04 704 -352
7.06 706 -353
7.08 708 -354
7.1 710 -355
7.12 712 -356
7.14 714 -357
7.16 716 -358
7.18 718 -359
7.2 720 -360
7.22 722 -361
7.24 724 -362
7.26 726 -363
7.28 728 -364
7.3 730 -365
7.32 732 -366
7.34 734 -367
7.36 736 -368
7.38 738 -369
7.4 740 -370
7.42 742 -371
7.44 744 -372
7.46 746 -373
7.48 748 -374
7.5 750 -375
7.52 752 -376
7.54 754 -377
7.56 756 -378
7.58 758 -379
7.6 760 -380
7.62 762 -381
7.64 764 -382
7.66 766 -383
7.68 768 -384
7.7 770 -385
7.72 772 -386
7.74 774 -387
7.76 776 -388
7.78 778 -389
7.8 780 -390
7.82 782 -391
7.84 784 -392
7.86 786 -393
7.88 788 -394
7.9 790 -395
7.92 792 -396
7.94 794 -397
7.96 796 -398
7.98 798 -399
8 800 -400
8.02 802 -401
8.04 804 -402
8.06 806 -403
8.08 808 -404
8.1 810 -405
8.12 812 -406
8.14 814 -407
8.16 816 -408
8.18 818 -409
8.2 820 -410
8.22 822 -411
8.24 824 -412
8.26 826 -413
8.28 828 -414
8.3 830 -415
8.32 832 -416
8.34 834 -417
8.36 836 -418
8.38 838 -419
8.4 840 -420
8.42 842 -421
8.44 844 -422
8.46 846 -423
8.48 848 -424
8.5 850 -425
8.52 852 -426
8.54 854 -427
8.56 856 -428
8.58 858 -429
8.6 860 -430
8.62 862 -431
8.64 864 -432
8.66 866 -433
8.68 868 -434
8.7 870 -435
8.72 872 -436
8.74 874 -437
8.76 876 -438
8.78 878 -439
8.8 880 -440
8.82 882 -441
8.84 884 -442
8.86 886 -443
8.88 888 -444
8.9 890 -445
8.92 892 -446
8.94 894 -447
8.96 896 -448
8.98 898 -449
9 900 -450
9.02 902 -451
9.04 904 -452
9.06 906 -453
9.08 908 -454
9.1 910 -455
9.12 912 -456
9.14 914 -457
9.16 916 -458
9.18 918 -459
9.2 920 -460
9.22 922 -461
9.24 924 -462
9.26 926 -463
9.28 928 -464
9.3 930 -465
9.32 932 -466
9.34 934 -467
9.36 936 -468
9.38 938 -469
9.4 940 -470
9.42 942 -471
9.44 944 -472
9.46 946 -473
9.48 948 -474
9.5 950 -475
9.52 952 -476
9.54 954 -477
9.56 956 -478
9.58 958 -479
9.6 960 -480
9.62 962 -481
9.64 964 -482
9.66 966 -483
9.68 968 -484
9.7 970 -485
9.72 972 -486
9.74 974 -487
9.76 976 -488
9.78 978 -489
9.8 980 -490
9.82 982 -491
9.84 984 -492
9.86 986 -493
9.88 988 -494
9.9 990 -495
9.92 992 -496
9.94 994 -497
9.96 996 -498
9.98 998 -499
10 1000 -500
10.02 1002 -501
10.04 1004 -502
10.06 1006 -503
10.08 1008 -504
10.1 1010 -505
10.12 1012 -506
10.14 1014 -507
10.16 1016 -508
10.18 1018 -509
10.2 1020 -510
10.22 1022 -511
10.24 1024 -512
10.26 1026 -513
10.28 1028 -514
10.3 1030 -515
10.32 1032 -516
10.34 1034 -517
10.36 1036 -518
10.38 1038 -519
10.4 1040 -520
10.42 1042 -521
10.44 1044 -522
10.46 1046 -523
10.48 1048 -524
10.5 1050 -525
10.52 1052 -526
10.54 1054 -527
10.56 1056 -528
10.58 1058 -529
10.6 1060 -530
10.62 1062 -531
10.64 1064 -532
10.66 1066 -533
10.68 1068 -534
10.7 1070 -535
10.72 1072 -536
10.74 1074 -537
10.76 1076 -538
10.78 1078 -539
10.8 1080 -540
10.82 1082 -541
10.84 1084 -542
10.86 1086 -543
10.88 1088 -544
10.9 1090 -545
10.92 1092 -546
10.94 1094 -547
10.96 1096 -548
10.98 1098 -549
11 1100 -550
11.02 1102 -551
11.04 1104 -552
11.06 1106 -553
11.08 1108 -554
11.1 1110 -555
11.12 1112 -556
11.14 1114 -557
11.16 1116 -558
11.18 1118 -559
11.2 1120 -560
11.22 1122 -561
11.24 1124 -562
11.26 1126 -563
11.28 1128 -564
11.3 1130 -565
11.32 1132 -566
11.34 1134 -567
11.36 1136 -568
11.38 1138 -569
11.4 1140 -570
11.42 1142 -571
11.44 1144 -572
11.46 1146 -573
11.48 1148 -574
11.5 1150 -575
11.52 1152 -576
11.54 1154 -577
11.56 1156 -578
11.58 1158 -579
11.6 1160 -580
11.62 1162 -581
11.64 1164 -582
11.66 1166 -583
11.68 1168 -584
11.7 1170 -585
11.72 1172 -586
11.74 1174 -587
11.76 1176 -588
11.78 1178 -589
11.8 1180 -590
11.82 1182 -591
11.84 1184 -592
11.86 1186 -593
11.88 1188 -594
11.9 1190 -595
11.92 1192 -596
11.94 1194 -597
11.96 1196 -598
11.98 1198 -599
12 1200 -600
12.02 1202 -601
12.04 1204 -602
12.06 1206 -603
12.08 1208 -604
12.1 1210 -605
12.12 1212 -606
12.14 1214 -607
12.16 1216 -608
12.18 1218 -609
12.2 1220 -610
12.22 1222 -611
12.24 1224 -612
12.26 1226 -613
12.28 1228 -614
12.3 1230 -615
12.32 1232 -616
12.34 1234 -617
12.36 1236 -618
12.38 1238 -619
12.4 1240 -620
12.42 1242 -621
12.44 1244 -622
12.46 1246 -623
12.48 1248 -624
12.5 1250 -625
12.52 1252 -626
12.54 1254 -627
12.56 1256 -628
12.58 1258 -629
12.6 1260 -630
12.62 1262 -631
12.64 1264 -632
12.66 1266 -633
12.68 1268 -634
12.7 1270 -635
12.72 1272 -636
12.74 1274 -637
12.76 1276 -638
12.78 1278 -639
12.8 1280 -640
12.82 1282 -641
12.84 1284 -642
12.86 1286 -643
12.88 1288 -644
12.9 1290 -645
12.92 1292 -646
12.94 1294 -647
12.96 1296 -648
12.98 1298 -649
13 1300 -650
13.02 1302 -651
13.04 1304 -652
13.06 1306 -653
13.08 1308 -654
13.1 1310 -655
13.12 1312 -656
13.14 1314 -657
13.16 1316 -658
13.18 1318 -659
13.2 1320 -660
13.22 1322 -661
13.24 1324 -662
13.26 1326 -663
13.28 1328 -664
13.3 1330 -665
13.32 1332 -666
13.34 1334 -667
13.36 1336 -668
13.38 1338 -669
13.4 1340 -670
13.42 1342 -671
13.44 1344 -672
13.46 1346 -673
13.48 1348 -674
13.5 1350 -675
13.52 1352 -676
13.54 1354 -677
13.56 1356 -678
13.58 1358 -679
13.6 1360 -680
13.62 1362 -681
13.64 1364 -682
13.66 1366 -683
13.68 1368 -684
13.7 1370 -685
13.72 1372 -686
13.74 1374 -687
13.76 1376 -688
13.78 1378 -689
13.8 1380 -690
13.82 1382 -691
13.84 1384 -692
13.86 1386 -693
13.88 1388 -694
13.9 1390 -695
13.92 1392 -696
13.94 1394 -697
13.96 1396 -698
13.98 1398 -699
14 1400 -700
14.02 1402 -701
14.04 1404 -702
14.06 1406 -703
14.08 1408 -704
14.1 1410 -705
14.12 1412 -706
14.14 1414 -707
14.16 1416 -708
14.18 1418 -709
14.2 1420 -710
14.22 1422 -711
14.24 1424 -712
14.26 1426 -713
14.28 1428 -714
14.3 1430 -715
14.32 1432 -716
14.34 1434 -717
14.36 1436 -718
14.38 1438 -719
14.4 1440 -720
14.42 1442 -721
14.44 1444 -722
14.46 1446 -723
14.48 1448 -724
14.5 1450 -725
14.52 1452 -726
14.54 1454 -727
14.56 1456 -728
14.58 1458 -729
14.6 1460 -730
14.62 1462 -731
14.64 1464 -732
14.66 1466 -733
14.68 1468 -734
14.7 1470 -735
14.72 1472 -736
14.74 1474 -737
14.76 1476 -738
14.78 1478 -739
14.8 1480 -740
14.82 1482 -741
14.84 1484 -742
14.86 1486 -743
14.88 1488 -744
14.9 1490 -745
14.92 1492 -746
14.94 1494 -747
14.96 1496 -748
14.98 1498 -749
15 1500 -750
15.02 1502 -751
15.04 1504 -752
15.06 1506 -753
15.08 1508 -754
15.1 1510 -755
15.12 1512 -756
15.14 1514 -757
15.16 1516 -758
15.18 1518 -759
15.2 1520 -760
15.22 1522 -761
15.24 1524 -762
15.26 1526 -763
15.28 1528 -764
15.3 1530 -765
15.32 1532 -766
15.34 1534 -767
15.36 1536 -768
15.38 1538 -769
15.4 1540 -770
15.42 1542 -771
15.44 1544 -772
15.46 1546 -773
15.48 1548 -774
15.5 1550 -775
15.52 1552 -776
15.54 1554 -777
15.56 1556 -778
15.58 1558 -779
15.6 1560 -780
15.62 1562 -781
15.64 1564 -782
15.66 1566 -783
15.68 1568 -784
15.7 1570 -785
15.72 1572 -786
15.74 1574 -787
15.76 1576 -788
15.78 1578 -789
15.8 1580 -790
15.82 1582 -791
15.84 1584 -792
15.86 1586 -793
15.88 1588 -794
15.9 1590 -795
15.92 1592 -796
15.94 1594 -797
15.96 1596 -798
15.98 1598 -799
16 1600 -800
16.02 1602 -801
16.04 1604 -802
16.06 1606 -803
16.08 1608 -804
16.1 1610 -805
16.12 1612 -806
16.14 1614 -807
16.16 1616 -808
16.18 1618 -809
16.2 1620 -810
16.22 1622 -811
16.24 1624 -812
16.26 1626 -813
16.28 1628 -814
16.3 1630 -815
16.32 1632 -816
16.34 1634 -817
16.36 1636 -818
16.38 1638 -819
16.4 1640 -820
16.42 1642 -821
16.44 1644 -822
16.46 1646 -823
16.48 1648 -824
16.5 1650 -825
16.52 1652 -826
16.54 1654 -827
16.56 1656 -828
16.58 1658 -829
16.6 1660 -830
16.62 1662 -831
16.64 1664 -832
16.66 1666 -833
16.68 1668 -834
16.7 1670 -835
16.72 1672 -836
16.74 1674 -837
16.76 1676 -838
16.78 1678 -839
16.8 1680 -840
16.82 1682 -841
16.84 1684 -842
16.86 1686 -843
16.88 1688 -844
16.9 1690 -845
16.92 1692 -846
16.94 1694 -847
16.96 1696 -848
16.98 1698 -849
17 1700 -850
17.02 1702 -851
17.04 1704 -852
17.06 1706 -853
17.08 1708 -854
17.1 1710 -855
17.12 1712 -856
17.14 1714 -857
17.16 1716 -858
17.18 1718 -859
17.2 1720 -860
17.22 1722 -861
17.24 1724 -862
17.26 1726 -863
17.28 1728 -864
17.3 1730 -865
17.32 1732 -866
17.34 1734 -867
17.36 1736 -868
17.38 1738 -869
17.4 1740 -870
17.42 1742 -871
17.44 1744 -872
17.46 1746 -873
17.48 1748 -874
17.5 1750 -875
17.52 1752 -876
17.54 1754 -877
17.56 1756 -878
17.58 1758 -879
17.6 1760 -880
17.62 1762 -881
17.64 1764 -882
17.66 1766 -883
17.68 1768 -884
17.7 1770 -885
17.72 1772 -886
17.74 1774 -887
17.76 1776 -888
17.78 1778 -889
17.8 1780 -890
17.82 1782 -891
17.84 1784 -892
17.86 1786 -893
17.88 1788 -894
17.9 1790 -895
17.92 1792 -896
17.94 1794 -897
17.96 1796 -898
17.98 1798 -899
18 1800 -900
18.02 1802 -901
18.04 1804 -902
18.06 1806 -903
18.08 1808 -904
18.1 1810 -905
18.12 1812 -906
18.14 1814 -907
18.16 1816 -908
18.18 1818 -909
18.2 1820 -910
18.22 1822 -911
18.24 1824 -912
18.26 1826 -913
18.28 1828 -914
18.3 1830 -915
18.32 1832 -916
18.34 1834 -917
18.36 1836 -918
18.38 1838 -919
18.4 1840 -920
18.42 1842 -921
18.44 1844 -922
18.46 1846 -923
18.48 1848 -924
18.5 1850 -925
18.52 1852 -926
18.54 1854 -927
18.56 1856 -928
18.58 1858 -929
18.6 1860 -930
18.62 1862 -931
18.64 1864 -932
18.66 1866 -933
18.68 1868 -934
18.7 1870 -935
18.72 1872 -936
18.74 1874 -937
18.76 1876 -938
18.78 1878 -939
18.8 1880 -940
18.82 1882 -941
18.84 1884 -942
18.86 1886 -943
18.88 1888 -944
18.9 1890 -945
18.92 1892 -946
18.94 1894 -947
18.96 1896 -948
18.98 1898 -949
19 1900 -950
19.02 1902 -951
19.04 1904 -952
19.06 1906 -953
19.08 1908 -954
19.1 1910 -955
19.12 1912 -956
19.14 1914 -957
19.16 1916 -958
19.18 1918 -959
19.2 1920 -960
19.22 1922 -961
19.24 1924 -962
19.26 1926 -963
19.28 1928 -964
19.3 1930 -965
19.32 1932 -966
19.34 1934 -967
19.36 1936 -968
19.38 1938 -969
19.4 1940 -970
19.42 1942 -971
19.44 1944 -972
19.46 1946 -973
19.48 1948 -974
19.5 1950 -975
19.52 1952 -976
19.54 1954 -977
19.56 1956 -978
19.58 1958 -979
19.6 1960 -980
19.62 1962 -981
19.64 1964 -982
19.66 1966 -983
19.68 1968 -984
19.7 1970 -985
19.72 1972 -986
19.74 1974 -987
19.76 1976 -988
19.78 1978 -989
19.8 1980 -990
19.82 1982 -991
19.84 1984 -992
19.86 1986 -993
19.88 1988 -994
19.9 1990 -995
19.92 1992 -996
19.94 1994 -997
19.96 1996 -998
19.98 1998 -999
20 2000 -1000
20.02 2002 -1001
20.04 2004 -1002
20.06 2006 -1003
20.08 2008 -1004
20.1 2010 -1005
20.12 2012 -1006
20.14 2014 -1007
20.16 2016 -1008
20.18 2018 -1009
20.2 2020 -1010
20.22 2022 -1011
20.24 2024 -1012
20.26 2026 -1013
20.28 2028 -1014
20.3 2030 -1015
20.32 2032 -1016
20.34 2034 -1017
20.36 2036 -1018
20.38 2038 -1019
20.4 2040 -1020
20.42 2042 -1021
20.44 2044 -1022
20.46 2046 -1023
20.48 2048 -1024
20.5 2050 -1025
20.52 2052 -1026
20.54 2054 -1027
20.56 2056 -1028
20.58 2058 -1029
20.6 2060 -1030
20.62 2062 -1031
20.64 2064 -1032
20.66 2066 -1033
20.68 2068 -1034
20.7 2070 -1035
20.72 2072 -1036
20.74 2074 -1037
20.76 2076 -1038
20.78 2078 -1039
20.8 2080 -1040
20.82 2082 -1041
20.84 2084 -1042
20.86 2086 -1043
20.88 2088 -1044
20.9 2090 -1045
20.92 2092 -1046
20.94 2094 -1047
20.96 2096 -1048
20.98 2098 -1049
21 2100 -1050
21.02 2102 -1051
21.04 2104 -1052
21.06 2106 -1053
21.08 2108 -1054
21.1 2110 -1055
21.12 2112 -1056
21.14 2114 -1057
21.16 2116 -1058
21.18 2118 -1059
21.2 2120 -1060
21.22 2122 -1061
21.24 2124 -1062
21.26 2126 -1063
21.28 2128 -1064
21.3 2130 -1065
21.32 2132 -1066
21.34 2134 -1067
21.36 2136 -1068
21.38 2138 -1069
21.4 2140 -1070
21.42 2142 -1071
21.44 2144 -1072
21.46 2146 -1073
21.48 2148 -1074
21.5 2150 -1075
21.52 2152 -1076
21.54 2154 -1077
21.56 2156 -1078
21.58 2158 -1079
21.6 2160 -1080
21.62 2162 -1081
21.64 2164 -1082
21.66 2166 -1083
21.68 2168 -1084
21.7 2170 -1085
21.72 2172 -1086
21.74 2174 -1087
21.76 2176 -1088
21.78 2178 -1089
21.8 2180 -1090
21.82 2182 -1091
21.84 2184 -1092
21.86 2186 -1093
21.88 2188 -1094
21.9 2190 -1095
21.92 2192 -1096
21.94 2194 -1097
21.96 2196 -1098
21.98 2198 -1099
22 2200 -1100
22.02 2202 -1101
22.04 2204 -1102
22.06 2206 -1103
22.08 2208 -1104
22.1 2210 -1105
22.12 2212 -1106
22.14 2214 -1107
22.16 2216 -1108
22.18 2218 -1109
22.2 2220 -1110
22.22 2222 -1111
22.24 2224 -1112
22.26 2226 -1113
22.28 2228 -1114
22.3 2230 -1115
22.32 2232 -1116
22.34 2234 -1117
22.36 2236 -1118
22.38 2238 -1119
22.4 2240 -1120
22.42 2242 -1121
22.44 2244 -1122
22.46 2246 -1123
22.48 2248 -1124
22.5 2250 -1125
22.52 2252 -1126
22.54 2254 -1127
22.56 2256 -1128
22.58 2258 -1129
22.6 2260 -1130
22.62 2262 -1131
22.64 2264 -1132
22.66 2266 -1133
22.68 2268 -1134
22.7 2270 -1135
22.72 2272 -1136
22.74 2274 -1137
22.76 2276 -1138
22.78 2278 -1139
22.8 2280 -1140
22.82 2282 -1141
22.84 2284 -1142
22.86 2286 -1143
22.88 2288 -1144
22.9 2290 -1145
22.92 2292 -1146
22.94 2294 -1147
22.96 2296 -1148
22.98 2298 -1149
23 2300 -1150
23.02 2302 -1151
23.04 2304 -1152
23.06 2306 -1153
23.08 2308 -1154
23.1 2310 -1155
23.12 2312 -1156
23.14 2314 -1157
23.16 2316 -1158
23.18 2318 -1159
23.2 2320 -1160
23.22 2322 -1161
23.24 2324 -1162
23.26 2326 -1163
23.28 2328 -1164
23.3 2330 -1165
23.32 2332 -1166
23.34 2334 -1167
23.36 2336 -1168
23.38 2338 -1169
23.4 2340 -1170
23.42 2342 -1171
23.44 2344 -1172
23.46 2346 -1173
23.48 2348 -1174
23.5 2350 -1175
23.52 2352 -1176
23.54 2354 -1177
23.56 2356 -1178
23.58 2358 -1179
23.6 2360 -1180
23.62 2362 -1181
23.64 2364 -1182
23.66 2366 -1183
23.68 2368 -1184
23.7 2370 -1185
23.72 2372 -1186
23.74 2374 -1187
23.76 2376 -1188
23.78 2378 -1189
23.8 2380 -1190
23.82 2382 -1191
23.84 2384 -1192
23.86 2386 -1193
23.88 2388 -1194
23.9 2390 -1195
23.92 2392 -1196
23.94 2394 -1197
23.96 2396 -1198
23.98 2398 -1199
24 2400 -1200
24.02 2402 -1201
24.04 2404 -1202
24.06 2406 -1203
24.08 2408 -1204
24.1 2410 -1205
24.12 2412 -1206
24.14 2414 -1207
24.16 2416 -1208
24.18 2418 -1209
24.2 2420 -1210
24.22 2422 -1211
24.24 2424 -1212
24.26 2426 -1213
24.28 2428 -1214
24.3 2430 -1215
24.32 2432 -1216
24.34 2434 -1217
24.36 2436 -1218
24.38 2438 -1219
24.4 2440 -1220
24.42 2442 -1221
24.44 2444 -1222
24.46 2446 -1223
24.48 2448 -1224
24.5 2450 -1225
24.52 2452 -1226
24.54 2454 -1227
24.56 2456 -1228
24.58 2458 -1229
24.6 2460 -1230
24.62 2462 -1231
24.64 2464 -1232
24.66 2466 -1233
24.68 2468 -1234
24.7 2470 -1235
24.72 2472 -1236
24.74 2474 -1237
24.76 2476 -1238
24.78 2478 -1239
24.8 2480 -1240
24.82 2482 -1241
24.84 2484 -1242
24.86 2486 -1243
24.88 2488 -1244
24.9 2490 -1245
24.92 2492 -1246
24.94 2494 -1247
24.96 2496 -1248
24.98 2498 -1249
25 2500 -1250
25.02 2502 -1251
25.04 2504 -1252
25.06 2506 -1253
25.08 2508 -1254
25.1 2510 -1255
25.12 2512 -1256
25.14 2514 -1257
25.16 2516 -1258
25.18 2518 -1259
25.2 2520 -1260
25.22 2522 -1261
25.24 2524 -1262
25.26 2526 -1263
25.28 2528 -1264
25.3 2530 -1265
25.32 2532 -1266
25.34 2534 -1267
25.36 2536 -1268
25.38 2538 -1269
25.4 2540 -1270
25.42 2542 -1271
25.44 2544 -1272
25.46 2546 -1273
25.48 2548 -1274
25.5 2550 -1275
25.52 2552 -1276
25.54 2554 -1277
25.56 2556 -1278
25.58 2558 -1279
25.6 2560 -1280
25.62 2562 -1281
25.64 2564 -1282
25.66 2566 -1283
25.68 2568 -1284
25.7 2570 -1285
25.72 2572 -1286
25.74 2574 -1287
25.76 2576 -1288
25.78 2578 -1289
25.8 2580 -1290
25.82 2582 -1291
25.84 2584 -1292
25.86 2586 -1293
25.88 2588 -1294
25.9 2590 -1295
25.92 2592 -1296
25.94 2594 -1297
25.96 2596 -1298
25.98 2598 -1299
26 2600 -1300
26.02 2602 -1301
26.04 2604 -1302
26.06 2606 -1303
26.08 2608 -1304
26.1 2610 -1305
26.12 2612 -1306
26.14 2614 -1307
26.16 2616 -1308
26.18 2618 -1309
26.2 2620 -1310
26.22 2622 -1311
26.24 2624 -1312
26.26 2626 -1313
26.28 2628 -1314
26.3 2630 -1315
26.32 2632 -1316
26.34 2634 -1317
26.36 2636 -1318
26.38 2638 -1319
26.4 2640 -1320
26.42 2642 -1321
26.44 2644 -1322
26.46 2646 -1323
26.48 2648 -1324
26.5 2650 -1325
26.52 2652 -1326
26.54 2654 -1327
26.56 2656 -1328
26.58 2658 -1329
26.6 2660 -1330
26.62 2662 -1331
26.64 2664 -1332
26.66 2666 -1333
26.68 2668 -1334
26.7 2670 -1335
26.72 2672 -1336
26.74 2674 -1337
26.76 2676 -1338
26.78 2678 -1339
26.8 2680 -1340
26.82 2682 -1341
26.84 2684 -1342
26.86 2686 -1343
26.88 2688 -1344
26.9 2690 -1345
26.92 2692 -1346
26.94 2694 -1347
26.96 2696 -1348
26.98 2698 -1349
27 2700 -1350
27.02 2702 -1351
27.04 2704 -1352
27.06 2706 -1353
27.08 2708 -1354
27.1 2710 -1355
27.12 2712 -1356
27.14 2714 -1357
27.16 2716 -1358
27.18 2718 -1359
27.2 2720 -1360
27.22 2722 -1361
27.24 2724 -1362
27.26 2726 -1363
27.28 2728 -1364
27.3 2730 -1365
27.32 2732 -1366
27.34 2734 -1367
27.36 2736 -1368
27.38 2738 -1369
27.4 2740 -1370
27.42 2742 -1371
27.44 2744 -1372
27.46 2746 -1373
27.48 2748 -1374
27.5 2750 -1375
27.52 2752 -1376
27.54 2754 -1377
27.56 2756 -1378
27.58 2758 -1379
27.6 2760 -1380
27.62 2762 -1381
27.64 2764 -1382
27.66 2766 -1383
27.68 2768 -1384
27.7 2770 -1385
27.72 2772 -1386
27.74 2774 -1387
27.76 2776 -1388
27.78 2778 -1389
27.8 2780 -1390
27.82 2782 -1391
27.84 2784 -1392
27.86 2786 -1393
27.88 2788 -1394
27.9 2790 -1395
27.92 2792 -1396
27.94 2794 -1397
27.96 2796 -1398
27.98 2798 -1399
28 2800 -1400
28.02 2802 -1401
28.04 2804 -1402
28.06 2806 -1403
28.08 2808 -1404
28.1 2810 -1405
28.12 2812 -1406
28.14 2814 -1407
28.16 2816 -1408
28.18 2818 -1409
28.2 2820 -1410
28.22 2822 -1411
28.24 2824 -1412
28.26 2826 -1413
28.28 2828 -1414
28.3 2830 -1415
28.32 2832 -1416
28.34 2834 -1417
28.36 2836 -1418
28.38 2838 -1419
28.4 2840 -1420
28.42 2842 -1421
28.44 2844 -1422
28.46 2846 -1423
28.48 2848 -1424
28.5 2850 -1425
28.52 2852 -1426
28.54 2854 -1427
28.56 2856 -1428
28.58 2858 -1429
28.6 2860 -1430
28.62 2862 -1431
28.64 2864 -1432
28.66 2866 -1433
28.68 2868 -1434
28.7 2870 -1435
28.72 2872 -1436
28.74 2874 -1437
28.76 2876 -1438
28.78 2878 -1439
28.8 2880 -1440
28.82 2882 -1441
28.84 2884 -1442
28.86 2886 -1443
28.88 2888 -1444
28.9 2890 -1445
28.92 2892 -1446
28.94 2894 -1447
28.96 2896 -1448
28.98 2898 -1449
29 2900 -1450
29.02 2902 -1451
29.04 2904 -1452
29.06 2906 -1453
29.08 2908 -1454
29.1 2910 -1455
29.12 2912 -1456
29.14 2914 -1457
29.16 2916 -1458
29.18 2918 -1459
29.2 2920 -1460
29.22 2922 -1461
29.24 2924 -1462
29.26 2926 -1463
29.28 2928 -1464
29.3 2930 -1465
29.32 2932 -1466
29.34 2934 -1467
29.36 2936 -1468
29.38 2938 -1469
29.4 2940 -1470
29.42 2942 -1471
29.44 2944 -1472
29.46 2946 -1473
29.48 2948 -1474
29.5 2950 -1475
29.52 2952 -1476
29.54 2954 -1477
29.56 2956 -1478
29.58 2958 -1479
29.6 2960 -1480
29.62 2962 -1481
29.64 2964 -1482
29.66 2966 -1483
29.68 2968 -1484
29.7 2970 -1485
29.72 2972 -1486
29.74 2974 -1487
29.76 2976 -1488
29.78 2978 -1489
29.8 2980 -1490
29.82 2982 -1491
29.84 2984 -1492
29.86 2986 -1493
29.88 2988 -1494
29.9 2990 -1495
29.92 2992 -1496
29.94 2994 -1497
29.96 2996 -1498
29.98 2998 -1499
30 3000 -1500
30.02 3002 -1501
